7 8 10 12 14 16 18 20 22 24 26 28 
<<<<<<< HEAD
0.0165629 0.0331258 0.0496887 0.0662516 0.0828145 0.0993774 0.11594 0.132503 0.149066 0.165629 0.182192 0.198755 0.215318 0.231881 0.248444 0.265007 0.281569 0.298132 0.314695 0.331258 0.347821 0.364384 0.380947 0.39751 0.414073 0.430636 0.447198 0.463761 0.480324 0.496887 0.51345 0.530013 0.546576 0.563139 0.579702 0.596265 0.612828 0.62939 0.645953 0.662516 0.679079 0.695642 0.712205 0.728768 0.745331 0.761894 0.778457 0.79502 0.811582 0.828145 
0.00257136 0.00328653 0.00346867 0.00352381 0.00353821 0.003542 0.00354562 0.00355006 0.00355319 0.003553 0.00355562 0.00355494 0.0035552 0.00355505 0.00355737 0.00355577 0.00355597 0.00355761 0.00355686 0.0035555 0.00355599 0.00355734 0.00355818 0.00355861 0.00355359 0.00355334 0.00355556 0.00355495 0.00355495 0.00355358 0.00355346 0.00355317 0.00355271 0.00355304 0.00355151 0.00355337 0.00355421 0.00355554 0.00355518 0.00355436 0.00355453 0.00355421 0.00355435 0.00355552 0.00355492 0.00355354 0.00355249 0.00355378 0.00355753 0.00355499 
0.00435505 0.00600522 0.00655536 0.00675531 0.00682505 0.00685177 0.00685999 0.00686926 0.0068747 0.00687398 0.0068762 0.00687794 0.0068794 0.00687901 0.00688069 0.00688106 0.00688684 0.00689247 0.00688501 0.00687828 0.0068843 0.00688081 0.00687629 0.00687942 0.00688014 0.0068821 0.00688416 0.00688249 0.00687943 0.00687653 0.00687772 0.0068772 0.00687663 0.00687568 0.00687482 0.00687743 0.00687823 0.00687965 0.00688014 0.00687604 0.00687315 0.00687477 0.00687761 0.0068804 0.00688011 0.00687708 0.00687546 0.00687634 0.00688176 0.00687926 
0.00799484 0.012426 0.0145817 0.0156449 0.0161776 0.0164366 0.0165748 0.0166542 0.0166934 0.0167088 0.0167273 0.0167268 0.0167351 0.016724 0.0167287 0.0167453 0.0167623 0.0167692 0.0167682 0.0167657 0.0167749 0.0167699 0.0167637 0.0167575 0.0167537 0.0167523 0.0167589 0.0167646 0.0167657 0.0167714 0.0167734 0.0167705 0.0167757 0.0167768 0.0167791 0.0167828 0.0167886 0.0167897 0.0167823 0.0167763 0.0167755 0.0167711 0.0167747 0.0167737 0.0167724 0.0167746 0.0167722 0.0167693 0.0167706 0.0167688 
0.0102086 0.0171742 0.0214128 0.0239859 0.0255631 0.0265281 0.027128 0.0275126 0.0277673 0.0279381 0.0280566 0.0281179 0.0281667 0.0281896 0.0281923 0.0281912 0.0281949 0.0281974 0.0282083 0.0282138 0.0282292 0.0282371 0.0282314 0.0282184 0.0282115 0.028212 0.0282191 0.0282402 0.0282419 0.0282669 0.0282661 0.0282631 0.0282496 0.0282445 0.028236 0.0282402 0.0282289 0.0282272 0.0282282 0.0282322 0.0282455 0.0282546 0.028265 0.028266 0.028271 0.0282627 0.0282578 0.0282593 0.0282593 0.0282653 
0.0119371 0.0211872 0.0276304 0.0320958 0.0352245 0.0374056 0.0389471 0.0400356 0.0407886 0.0413495 0.041744 0.042033 0.0422437 0.0423878 0.0424714 0.0425252 0.0425526 0.0425644 0.0425955 0.042598 0.0425993 0.0425999 0.042596 0.0425967 0.0426217 0.0426489 0.0426595 0.0426824 0.0426984 0.0427269 0.0427231 0.0427332 0.0427125 0.0427051 0.0427047 0.0427153 0.0427147 0.0427308 0.042736 0.0427275 0.0427294 0.0427214 0.0427282 0.0427185 0.0427067 0.0427007 0.0426982 0.042721 0.0427324 0.0427335 
0.0135806 0.0250176 0.0337005 0.0402409 0.0452203 0.0490051 0.0518821 0.0540795 0.0557483 0.057058 0.0580599 0.0588489 0.0594545 0.0599047 0.0602538 0.0605189 0.0607087 0.0608417 0.060982 0.0610437 0.0610833 0.061117 0.0611267 0.0611565 0.0611976 0.0612473 0.06128 0.0613208 0.0613601 0.0613991 0.0614072 0.0614058 0.0613991 0.0613993 0.0613973 0.0613855 0.0613721 0.0613591 0.0613507 0.0613449 0.0613505 0.0613565 0.061359 0.0613404 0.0613029 0.0612839 0.0612845 0.0613155 0.0613346 0.0613492 
0.0148241 0.0280016 0.0386015 0.0470608 0.0538583 0.0593255 0.0637255 0.0672819 0.0701773 0.0725544 0.0744612 0.076036 0.0773101 0.0783326 0.079152 0.0798205 0.0803634 0.0807861 0.0811576 0.0814155 0.0816281 0.081806 0.0819468 0.082075 0.0821822 0.0822605 0.0823056 0.0823552 0.0824149 0.0824531 0.0825082 0.0825491 0.0825919 0.0826305 0.0826466 0.0826465 0.0826414 0.0826442 0.0826306 0.0826146 0.0826161 0.082633 0.0826204 0.0826021 0.082586 0.0825741 0.0825697 0.0825814 0.0826027 0.0826295 
0.0156408 0.0301077 0.0422611 0.0524 0.0608751 0.067942 0.0738481 0.0788235 0.0830134 0.0865788 0.0895506 0.0920872 0.0942139 0.0960205 0.0975341 0.0988071 0.0998915 0.10078 0.101548 0.102185 0.10272 0.103168 0.103549 0.103891 0.1042 0.104448 0.104623 0.104774 0.104904 0.105017 0.105132 0.105233 0.105328 0.105412 0.105449 0.105478 0.105503 0.105545 0.105577 0.105603 0.105626 0.105648 0.105641 0.105642 0.10562 0.105594 0.105586 0.10558 0.105571 0.105587 
0.0160867 0.0314386 0.0447587 0.0562261 0.0660956 0.0745793 0.081898 0.088242 0.0937233 0.0985208 0.102665 0.106287 0.109432 0.112166 0.114508 0.116536 0.118314 0.119821 0.121133 0.122272 0.123249 0.124075 0.12479 0.125414 0.125989 0.126475 0.126874 0.127231 0.127545 0.127847 0.128089 0.128308 0.128495 0.128661 0.128771 0.128851 0.128912 0.128989 0.129089 0.129196 0.129272 0.129327 0.129358 0.129345 0.129299 0.129265 0.129261 0.129257 0.129258 0.129282 
0.0161477 0.0319348 0.0459706 0.0583133 0.0691624 0.0787189 0.0871507 0.0945911 0.101151 0.106999 0.112173 0.116784 0.12085 0.124454 0.127605 0.130421 0.132913 0.135095 0.137047 0.138778 0.140298 0.141637 0.142838 0.143893 0.144869 0.145717 0.146447 0.147121 0.147712 0.148242 0.148713 0.149123 0.149464 0.149784 0.15002 0.150201 0.150343 0.150501 0.15068 0.150854 0.151005 0.151129 0.151222 0.151268 0.151286 0.151288 0.151288 0.15129 0.151334 0.151402 
0.0159437 0.0318386 0.0462342 0.0590817 0.0705893 0.0809166 0.0901808 0.0984972 0.105971 0.112699 0.118766 0.124272 0.129211 0.133666 0.137664 0.141313 0.144599 0.147549 0.150204 0.152618 0.154777 0.156722 0.158473 0.160033 0.161475 0.162784 0.163941 0.164992 0.165941 0.166764 0.167524 0.168202 0.168777 0.169287 0.16973 0.170095 0.170411 0.170718 0.171012 0.171298 0.171554 0.171797 0.17202 0.172206 0.172359 0.172483 0.172613 0.172728 0.172893 0.173061 
0.0155074 0.0312139 0.04563 0.0586695 0.0705097 0.0812757 0.0910954 0.100037 0.108192 0.115649 0.122461 0.128709 0.13442 0.139643 0.144419 0.148822 0.15285 0.156541 0.1599 0.16298 0.165782 0.168364 0.170712 0.172843 0.17481 0.1766 0.178227 0.179723 0.181108 0.182362 0.18349 0.184536 0.185459 0.186271 0.186998 0.187633 0.18822 0.188777 0.189316 0.189829 0.190282 0.190744 0.191175 0.191567 0.191909 0.192202 0.192504 0.192792 0.193092 0.193409 
=======
0.0166667 0.0333333 0.05 0.0666667 0.0833333 0.1 0.116667 0.133333 0.15 0.166667 0.183333 0.2 0.216667 0.233333 0.25 0.266667 0.283333 0.3 0.316667 0.333333 0.35 0.366667 0.383333 0.4 0.416667 0.433333 0.45 0.466667 0.483333 0.5 0.516667 0.533333 0.55 0.566667 0.583333 0.6 0.616667 0.633333 0.65 0.666667 0.683333 0.7 0.716667 0.733333 0.75 0.766667 0.783333 0.8 0.816667 0.833333 
3.52229e-05 4.93833e-05 5.52901e-05 5.80666e-05 5.96495e-05 6.03573e-05 6.06474e-05 6.09167e-05 6.08127e-05 6.05471e-05 6.05653e-05 6.07081e-05 6.04258e-05 6.04329e-05 6.07647e-05 6.10801e-05 6.09392e-05 6.07824e-05 6.08352e-05 6.09464e-05 6.09042e-05 6.10118e-05 6.10935e-05 6.11032e-05 6.10969e-05 6.11293e-05 6.11844e-05 6.12412e-05 6.132e-05 6.09955e-05 6.10166e-05 6.11428e-05 6.12478e-05 6.13722e-05 6.14554e-05 6.15424e-05 6.15316e-05 6.15153e-05 6.14487e-05 6.14224e-05 6.15116e-05 6.15274e-05 6.15779e-05 6.16882e-05 6.17134e-05 6.17375e-05 6.18065e-05 6.17025e-05 6.15349e-05 6.14728e-05 
6.0305e-05 9.21326e-05 0.00010812 0.000116974 0.000122527 0.000125143 0.000126822 0.000127791 0.000127698 0.000127409 0.000127587 0.000128123 0.000127763 0.00012772 0.00012833 0.000129333 0.000128901 0.000128537 0.000128644 0.000128823 0.000128773 0.000128879 0.000129002 0.000128584 0.00012849 0.000128511 0.000128695 0.00012928 0.000129756 0.000129299 0.000129342 0.000129546 0.000129577 0.00012969 0.000129721 0.000129906 0.000129894 0.000129903 0.000129885 0.000130004 0.00013021 0.000130097 0.000129994 0.000130158 0.000130547 0.00013077 0.000130741 0.000130423 0.000130086 0.00012985 
9.26994e-05 0.000155733 0.000195866 0.000222478 0.000240721 0.000252149 0.000260081 0.000265042 0.00026782 0.000270215 0.000272645 0.000274686 0.000276165 0.000276818 0.000277253 0.000278844 0.000279098 0.000278948 0.000279237 0.000279438 0.000279821 0.000279459 0.000279565 0.000278261 0.000278386 0.000279028 0.000279372 0.000279624 0.000280256 0.000280496 0.000281337 0.000282038 0.00028259 0.000282925 0.000282464 0.000281875 0.000281228 0.000280531 0.000280059 0.000280161 0.000280433 0.000280517 0.000281144 0.000281311 0.000281813 0.000282218 0.000282469 0.000281962 0.000281239 0.000280933 
9.18943e-05 0.000162658 0.000213796 0.000250988 0.00027876 0.000298986 0.000314229 0.00032567 0.000334289 0.000341704 0.000347167 0.000351002 0.000353708 0.00035567 0.000357002 0.000358811 0.00036017 0.000361663 0.000363032 0.000363654 0.000364254 0.000364237 0.000364052 0.000363285 0.000363136 0.000363152 0.00036338 0.000363571 0.000363758 0.000364134 0.000365024 0.000365722 0.00036619 0.00036681 0.000366981 0.000367423 0.000367739 0.000367966 0.000367898 0.000367722 0.000367204 0.000366812 0.000366968 0.000367146 0.000367208 0.000367165 0.000367258 0.000366636 0.000365816 0.000364818 
9.05241e-05 0.000165791 0.000225244 0.000272203 0.00031015 0.000339611 0.000363785 0.000383793 0.000399974 0.000413025 0.000423367 0.000431621 0.000437923 0.000443255 0.000447606 0.00045138 0.00045409 0.000456674 0.000459083 0.000460348 0.000461232 0.000462103 0.000462971 0.000462867 0.000462319 0.000461919 0.000461716 0.000461772 0.000461956 0.000462378 0.000462896 0.000463582 0.000464182 0.000464815 0.000465137 0.000465835 0.000466257 0.000466743 0.000467126 0.000466952 0.000466073 0.000466051 0.000466297 0.000466675 0.000466859 0.000466653 0.000466425 0.000465642 0.000465001 0.000464307 
0.000100438 0.000188972 0.000262474 0.000323941 0.000376511 0.000419985 0.000457558 0.000489609 0.000516899 0.000539447 0.000558919 0.000575735 0.000589319 0.000600963 0.000611473 0.00062001 0.000626656 0.000632227 0.000637188 0.000641224 0.000644186 0.000646928 0.000649704 0.000651755 0.000652841 0.000653902 0.000655257 0.000656601 0.000657893 0.000658715 0.000659827 0.000661666 0.000663891 0.000665591 0.000666934 0.000667929 0.000668651 0.000669571 0.000669414 0.000668943 0.000667992 0.000667746 0.000667931 0.000668356 0.000669026 0.000669137 0.000669405 0.000669143 0.000668478 0.000667741 
0.000111666 0.000214616 0.000302826 0.000379323 0.000446726 0.000505336 0.000557803 0.000603426 0.000643644 0.00067827 0.000709103 0.000736285 0.00075919 0.00077921 0.00079762 0.000813017 0.000825638 0.000836314 0.000845398 0.000853674 0.0008604 0.000866684 0.000872605 0.00087812 0.000882738 0.000886928 0.000891657 0.000896311 0.00090041 0.000903794 0.000907358 0.000911612 0.00091625 0.000920124 0.000923473 0.000926148 0.000928853 0.000931765 0.000932564 0.000932699 0.000933119 0.000933792 0.000934708 0.000935415 0.000936674 0.000937126 0.000937286 0.000937022 0.000936085 0.000934983 
0.000125888 0.000245861 0.00035139 0.000445816 0.0005307 0.000607442 0.000678117 0.000740847 0.000797369 0.000847268 0.000892435 0.000933563 0.000969172 0.00100096 0.00103025 0.00105557 0.00107759 0.00109679 0.00111304 0.00112774 0.00114046 0.00115244 0.00116353 0.00117391 0.00118353 0.00119245 0.00120143 0.00121049 0.00121892 0.0012265 0.00123405 0.00124198 0.00125047 0.00125823 0.00126542 0.00127184 0.00127817 0.00128437 0.00128773 0.00128972 0.00129233 0.00129496 0.00129761 0.00129938 0.00130141 0.00130223 0.00130255 0.00130302 0.00130253 0.00130208 
0.00014372 0.000283766 0.000409265 0.00052425 0.000629511 0.000727249 0.000818586 0.000901332 0.000977146 0.00104576 0.00110811 0.0011665 0.0012187 0.00126659 0.00131054 0.00134952 0.00138471 0.00141593 0.00144272 0.00146724 0.00148953 0.00151018 0.00152942 0.00154735 0.00156433 0.00157997 0.00159544 0.00161078 0.00162582 0.00163951 0.00165233 0.00166527 0.00167861 0.00169099 0.00170253 0.00171354 0.00172411 0.00173459 0.00174218 0.00174789 0.00175456 0.00176096 0.00176723 0.00177187 0.00177617 0.00177885 0.0017805 0.00178263 0.00178324 0.001784 
0.000163204 0.000324062 0.000470762 0.000607561 0.000734369 0.000853743 0.00096656 0.00107049 0.00116682 0.00125477 0.00133529 0.00141212 0.00148241 0.00154799 0.00160848 0.00166313 0.00171329 0.00175857 0.00179861 0.00183608 0.00187144 0.00190419 0.00193505 0.00196454 0.00199228 0.00201759 0.00204228 0.00206586 0.00208906 0.00211092 0.00213102 0.00215114 0.00217089 0.00218939 0.00220738 0.00222532 0.0022429 0.00226018 0.00227442 0.00228652 0.00229945 0.0023122 0.0023246 0.00233455 0.00234381 0.00235112 0.00235651 0.00236238 0.00236611 0.00236984 
0.000185146 0.000368883 0.000538631 0.000698759 0.000848696 0.000991423 0.00112728 0.00125492 0.00137473 0.00148467 0.00158632 0.00168378 0.00177402 0.00185951 0.00193929 0.00201257 0.00208053 0.00214341 0.00220102 0.00225554 0.0023075 0.0023557 0.00240122 0.00244559 0.0024871 0.00252504 0.00256181 0.00259618 0.00263017 0.00266293 0.00269273 0.00272254 0.00275059 0.00277692 0.00280322 0.00282953 0.00285573 0.00288165 0.00290404 0.0029238 0.0029441 0.00296414 0.00298275 0.00299816 0.00301254 0.00302467 0.00303482 0.00304522 0.00305317 0.00306174 
0.000206466 0.000413391 0.000606516 0.000790626 0.000964821 0.00113187 0.00129174 0.00144385 0.00158787 0.00172097 0.00184493 0.001964 0.00207521 0.00218168 0.00228166 0.00237509 0.00246272 0.00254462 0.00262122 0.00269393 0.00276345 0.0028286 0.00288987 0.00294965 0.00300597 0.00305882 0.00310952 0.00315671 0.00320382 0.00324915 0.00329071 0.00333234 0.00337095 0.00340756 0.00344367 0.00347941 0.00351531 0.00355125 0.00358334 0.00361237 0.00364141 0.00366948 0.00369484 0.00371625 0.00373606 0.00375378 0.00376894 0.0037839 0.00379607 0.0038093 
>>>>>>> 62e055e55f99d69d07f483402b951e7c543bbdbf
