7 8 10 12 14 16 18 20 22 24 26 28 
<<<<<<< HEAD
0.0165629 0.0331258 0.0496887 0.0662516 0.0828145 0.0993774 0.11594 0.132503 0.149066 0.165629 0.182192 0.198755 0.215318 0.231881 0.248444 0.265007 0.281569 0.298132 0.314695 0.331258 0.347821 0.364384 0.380947 0.39751 0.414073 0.430636 0.447198 0.463761 0.480324 0.496887 0.51345 0.530013 0.546576 0.563139 0.579702 0.596265 0.612828 0.62939 0.645953 0.662516 0.679079 0.695642 0.712205 0.728768 0.745331 0.761894 0.778457 0.79502 0.811582 0.828145 
0.0417157 0.0536149 0.0568628 0.0580076 0.0585075 0.0586574 0.0585902 0.0585816 0.0589435 0.058875 0.0589502 0.0589626 0.0587321 0.0591103 0.0591547 0.0589484 0.058989 0.0591936 0.0592284 0.0591656 0.059178 0.0591807 0.0591816 0.0591846 0.0591799 0.0593669 0.0592458 0.0591924 0.0592346 0.05926 0.0590872 0.0591906 0.0592464 0.0592752 0.0593341 0.0592566 0.0592861 0.0592714 0.0592797 0.059131 0.0591274 0.059287 0.059279 0.05924 0.0592175 0.0592287 0.0592701 0.059178 0.0593548 0.0592806 
0.0737235 0.102426 0.112388 0.116481 0.117789 0.11829 0.11831 0.118637 0.119606 0.120027 0.12019 0.120339 0.119803 0.120264 0.120136 0.119785 0.119764 0.120086 0.120158 0.120045 0.120135 0.120159 0.120049 0.119896 0.120026 0.120537 0.120488 0.120364 0.120406 0.120328 0.12041 0.120181 0.12035 0.120339 0.120518 0.120368 0.120487 0.120407 0.12042 0.12015 0.120265 0.12061 0.120714 0.120548 0.120478 0.120378 0.120379 0.120272 0.120689 0.12071 
0.135919 0.21213 0.249238 0.268422 0.278764 0.284002 0.287282 0.288451 0.289164 0.290409 0.291419 0.291376 0.290618 0.289819 0.289496 0.290212 0.290222 0.289982 0.290074 0.290876 0.291497 0.291897 0.292246 0.292138 0.291523 0.291594 0.291608 0.291619 0.291512 0.291809 0.29173 0.291222 0.290798 0.290609 0.291154 0.291394 0.292035 0.291995 0.291596 0.291058 0.291023 0.291383 0.291494 0.291991 0.291894 0.291773 0.292344 0.292098 0.292282 0.292501 
0.162207 0.273522 0.341402 0.383112 0.40956 0.425913 0.437842 0.444122 0.447695 0.451113 0.453164 0.453195 0.452929 0.452454 0.452598 0.453659 0.453018 0.452492 0.453819 0.454046 0.454614 0.455644 0.455807 0.455898 0.455927 0.45552 0.454114 0.45427 0.454377 0.455012 0.454875 0.453555 0.451671 0.450506 0.449389 0.450045 0.451384 0.452711 0.452774 0.452994 0.453786 0.45458 0.454755 0.455088 0.45526 0.455132 0.455368 0.455137 0.454975 0.45496 
0.179551 0.317716 0.415419 0.483824 0.532169 0.564991 0.589284 0.605999 0.617351 0.626022 0.632415 0.636609 0.639968 0.642159 0.644939 0.646959 0.646852 0.647349 0.649486 0.648756 0.647772 0.647131 0.647619 0.649132 0.650516 0.65014 0.649595 0.649922 0.64894 0.647797 0.647119 0.646575 0.645099 0.645233 0.644943 0.645325 0.646195 0.646672 0.646255 0.646102 0.646785 0.64748 0.647982 0.648302 0.647271 0.647416 0.64786 0.64827 0.649264 0.650086 
0.199033 0.364588 0.491271 0.586396 0.658037 0.71139 0.753295 0.785833 0.811701 0.832591 0.849503 0.863758 0.874177 0.881322 0.889515 0.895393 0.89877 0.901534 0.906079 0.906401 0.906848 0.90711 0.908681 0.911009 0.913148 0.9137 0.91332 0.913353 0.913911 0.914121 0.914512 0.915558 0.916129 0.916701 0.916207 0.915854 0.915393 0.914638 0.9133 0.911847 0.911242 0.909777 0.908571 0.906989 0.905093 0.905183 0.906431 0.90903 0.911401 0.914094 
0.21466 0.40135 0.552896 0.673641 0.769208 0.845291 0.907691 0.957411 0.999231 1.03522 1.06473 1.09076 1.1105 1.12634 1.14063 1.15288 1.16176 1.16984 1.17709 1.17976 1.18242 1.18497 1.18823 1.19239 1.19592 1.1984 1.19918 1.19915 1.20063 1.20152 1.20239 1.20362 1.20481 1.20504 1.20433 1.20362 1.2031 1.20235 1.20073 1.19846 1.19536 1.19264 1.19174 1.1919 1.19196 1.19334 1.19427 1.19658 1.19918 1.20379 
0.229044 0.435986 0.610795 0.756494 0.876216 0.973293 1.05558 1.12405 1.18319 1.23606 1.2821 1.32367 1.35735 1.38665 1.41174 1.43265 1.44951 1.4635 1.4758 1.48404 1.49198 1.49889 1.50667 1.5143 1.5208 1.52609 1.5302 1.53407 1.53829 1.54325 1.54622 1.54895 1.55159 1.55321 1.55371 1.55494 1.55557 1.55545 1.55419 1.55347 1.55184 1.54972 1.54962 1.55052 1.55154 1.55295 1.55267 1.5515 1.55071 1.55206 
0.239873 0.465272 0.663006 0.831563 0.974692 1.09472 1.20029 1.29143 1.36945 1.44001 1.50195 1.5597 1.60893 1.65299 1.69204 1.72567 1.75526 1.77975 1.80156 1.81969 1.83533 1.84818 1.86067 1.8711 1.87982 1.88787 1.89489 1.9018 1.90904 1.91658 1.92183 1.9258 1.92837 1.93215 1.93395 1.93606 1.93855 1.9415 1.94418 1.94683 1.94837 1.94805 1.94863 1.94892 1.94949 1.95158 1.95291 1.95187 1.95072 1.95029 
0.244899 0.48204 0.696142 0.882336 1.04537 1.18527 1.30969 1.41867 1.51439 1.60273 1.68256 1.7569 1.82094 1.87835 1.9306 1.97707 2.01895 2.05429 2.08509 2.11152 2.13441 2.15391 2.17289 2.19078 2.20757 2.22286 2.23627 2.24841 2.25979 2.26949 2.27876 2.2868 2.29212 2.29816 2.3013 2.30247 2.30364 2.30474 2.30755 2.31176 2.31525 2.31789 2.32017 2.32094 2.3206 2.32164 2.32099 2.31843 2.31646 2.31473 
0.24709 0.491428 0.714952 0.91594 1.09631 1.25339 1.39439 1.52097 1.63583 1.74205 1.84018 1.93026 2.00756 2.07728 2.14032 2.19766 2.24943 2.29589 2.33823 2.37536 2.41026 2.44108 2.46898 2.49687 2.52283 2.54775 2.57031 2.59171 2.61055 2.62703 2.64136 2.65303 2.66198 2.67161 2.67863 2.68352 2.68752 2.69085 2.69641 2.70338 2.71105 2.7185 2.72577 2.73099 2.7356 2.74106 2.74296 2.74142 2.7404 2.74063 
0.24529 0.491118 0.718295 0.92721 1.11748 1.28581 1.4382 1.57769 1.70481 1.82298 1.93118 2.03128 2.12082 2.20397 2.27977 2.3498 2.41395 2.47416 2.53048 2.5807 2.62796 2.66915 2.70624 2.74326 2.77802 2.8112 2.84192 2.87129 2.89858 2.92347 2.94424 2.9612 2.97575 2.9896 3.00148 3.01086 3.01939 3.02696 3.03658 3.04765 3.05914 3.07015 3.0804 3.08932 3.09927 3.11123 3.12071 3.12676 3.13364 3.14219 
=======
0.0166667 0.0333333 0.05 0.0666667 0.0833333 0.1 0.116667 0.133333 0.15 0.166667 0.183333 0.2 0.216667 0.233333 0.25 0.266667 0.283333 0.3 0.316667 0.333333 0.35 0.366667 0.383333 0.4 0.416667 0.433333 0.45 0.466667 0.483333 0.5 0.516667 0.533333 0.55 0.566667 0.583333 0.6 0.616667 0.633333 0.65 0.666667 0.683333 0.7 0.716667 0.733333 0.75 0.766667 0.783333 0.8 0.816667 0.833333 
0.00147667 0.00215075 0.00242133 0.00258938 0.00265368 0.00266069 0.00267772 0.00269899 0.00269398 0.00265954 0.00266886 0.00267884 0.00263702 0.00266047 0.00268518 0.00269653 0.00268628 0.00268477 0.00265384 0.00266159 0.00268127 0.00268288 0.00270904 0.0027165 0.00272376 0.00271224 0.00269906 0.0026888 0.00267925 0.00266928 0.00268242 0.00269092 0.00268903 0.00269591 0.00269817 0.00270383 0.00271465 0.00270519 0.00270147 0.00270139 0.0027152 0.00271321 0.00271121 0.00270393 0.00270547 0.00270276 0.00271115 0.00269681 0.00268772 0.00269165 
0.00266921 0.00417555 0.00490587 0.00540365 0.00565383 0.00571101 0.00579892 0.00583779 0.00585001 0.00579622 0.0058597 0.00589638 0.00580255 0.00583339 0.00587454 0.00595292 0.00593766 0.00592741 0.00586878 0.00590554 0.00592838 0.00591578 0.00594239 0.00591804 0.00595126 0.00597308 0.00594773 0.0059341 0.0059047 0.00588656 0.00590416 0.00593826 0.00593311 0.00593287 0.00593941 0.00592423 0.00595554 0.00595728 0.00593263 0.00593558 0.00597656 0.00600282 0.00598786 0.00596204 0.00596104 0.00595933 0.00598016 0.00595761 0.00591408 0.00590277 
0.00423871 0.00723005 0.00909898 0.0104785 0.0114256 0.0119223 0.0123678 0.0125877 0.0128052 0.0128889 0.0131062 0.0132924 0.0132818 0.0133076 0.0133013 0.0134105 0.0134661 0.0134785 0.013473 0.0135056 0.0135283 0.0134904 0.0135106 0.0134054 0.0133919 0.0135727 0.0136438 0.0136547 0.0136574 0.0136707 0.0137004 0.0137879 0.0138338 0.013866 0.013833 0.0137821 0.0137597 0.0137021 0.0136105 0.0136365 0.0137019 0.0137572 0.0137758 0.0137827 0.013723 0.0136928 0.0137099 0.0136462 0.0135918 0.0135474 
0.00405975 0.00735177 0.00968501 0.0114604 0.0128463 0.0137533 0.0145436 0.0151316 0.015682 0.0159696 0.0162346 0.0164101 0.0164118 0.016445 0.0165357 0.0166934 0.0168087 0.0169123 0.0170189 0.017047 0.0170898 0.0170175 0.0169762 0.0169143 0.0168656 0.0169985 0.017119 0.0171495 0.0171735 0.0171856 0.0172145 0.0172538 0.017316 0.017409 0.0174411 0.0175242 0.0176155 0.0176691 0.0176791 0.0176958 0.0176833 0.0176491 0.0175859 0.0175514 0.0175048 0.0174567 0.0174359 0.0173322 0.0172314 0.0171665 
0.00385329 0.00728787 0.00998976 0.0121522 0.0139021 0.0151812 0.0163131 0.0172992 0.0181811 0.0187545 0.0191905 0.0194159 0.0195165 0.0196406 0.0198303 0.0200791 0.0202491 0.0204309 0.0205998 0.0206653 0.0207237 0.0206937 0.0206936 0.0206596 0.020584 0.0206032 0.020647 0.0206767 0.0207373 0.0207682 0.0208086 0.0208685 0.0209605 0.0210467 0.0210949 0.0211715 0.0212411 0.0212917 0.0213013 0.0212761 0.0212521 0.0211925 0.0211706 0.0211515 0.0211504 0.021182 0.0212256 0.0211833 0.0211031 0.02106 
0.00408327 0.00785835 0.0109894 0.0136231 0.0158341 0.0176474 0.0192667 0.0206896 0.0219947 0.0229744 0.0237676 0.0242799 0.0246796 0.0250449 0.0254373 0.0257989 0.0261658 0.0264539 0.0266306 0.0268151 0.0270278 0.0271994 0.0273615 0.027469 0.0274459 0.0275028 0.0275682 0.0276563 0.0277683 0.0278223 0.0279023 0.0280658 0.0282445 0.0284132 0.0285263 0.0286359 0.028724 0.0287956 0.0287628 0.0287234 0.0286991 0.0286494 0.0286624 0.0286815 0.0287217 0.0287806 0.02884 0.0287963 0.0286789 0.0285707 
0.00427965 0.00834829 0.0117919 0.0148202 0.0174782 0.0198355 0.0219561 0.0238441 0.0255867 0.0269847 0.0282013 0.029174 0.0299951 0.0307036 0.0313796 0.0319519 0.0325535 0.033019 0.0333488 0.03376 0.0342227 0.0346215 0.0349186 0.0351262 0.0351879 0.0353353 0.035498 0.0357057 0.0358815 0.0360105 0.0361489 0.0363877 0.0366586 0.0369462 0.0371405 0.0373203 0.0374896 0.0376389 0.0376062 0.0374919 0.0374508 0.0374003 0.0373614 0.0373265 0.0373497 0.0373905 0.0374318 0.037409 0.0372535 0.0370802 
0.00482207 0.0095441 0.0136763 0.0174711 0.0209478 0.024202 0.0272143 0.0298891 0.0324119 0.0345193 0.0364022 0.0380832 0.0395614 0.0408657 0.0420675 0.0431054 0.0441128 0.0449545 0.0456193 0.0463323 0.0470303 0.0476607 0.0481243 0.0484831 0.048734 0.0490591 0.0493642 0.0496983 0.0500044 0.0502759 0.0505341 0.0509041 0.0513397 0.0518053 0.0521498 0.0524508 0.0527369 0.0530184 0.0531163 0.0530156 0.0529851 0.0529802 0.0529207 0.0528246 0.0528495 0.0528457 0.0529038 0.0529526 0.0528647 0.0527476 
0.00581729 0.0116169 0.0167792 0.0216161 0.0262036 0.0305687 0.0346931 0.0384523 0.0421312 0.0452877 0.0480904 0.0506598 0.0530228 0.0550949 0.0570008 0.0586926 0.060269 0.0615639 0.0626315 0.0636907 0.0646776 0.065623 0.0663114 0.0669096 0.067401 0.0679182 0.0683895 0.0688042 0.0692398 0.0696879 0.0701301 0.0706851 0.071324 0.072017 0.0725682 0.0730521 0.0736069 0.0742105 0.0746603 0.0748363 0.0750844 0.0754152 0.0756265 0.0757519 0.0760161 0.0761296 0.0763188 0.07652 0.0765997 0.0766795 
0.00699566 0.0141188 0.0205665 0.0266979 0.032644 0.0383411 0.0438063 0.0488904 0.0539064 0.0582624 0.0620941 0.0656624 0.0690316 0.0720116 0.074784 0.0772852 0.0796072 0.0815503 0.0831878 0.0847859 0.0862398 0.0876221 0.0886996 0.0896821 0.0905087 0.0913071 0.092009 0.0926207 0.093306 0.0940208 0.0947318 0.095501 0.0963293 0.0972322 0.0980144 0.0987526 0.0996201 0.100589 0.101437 0.102 0.102612 0.103399 0.103972 0.104409 0.104981 0.105399 0.105875 0.106344 0.106653 0.107041 
0.00837876 0.0170121 0.0250235 0.0327161 0.0402068 0.0474236 0.0543008 0.0608156 0.0672811 0.0729064 0.0779443 0.0825297 0.0869472 0.0909336 0.094716 0.0981845 0.101395 0.10422 0.106774 0.109157 0.111288 0.113341 0.115041 0.116658 0.118115 0.119465 0.120639 0.121687 0.122847 0.124042 0.125239 0.126509 0.127791 0.129141 0.130385 0.131622 0.132953 0.134375 0.13557 0.136529 0.137424 0.138551 0.139383 0.140016 0.14081 0.141455 0.142206 0.142916 0.143512 0.144193 
0.00955576 0.0194384 0.0287067 0.0376888 0.046482 0.0549518 0.0630453 0.0708125 0.0786336 0.0854477 0.0916162 0.0971747 0.102607 0.107509 0.112163 0.116554 0.120592 0.124165 0.127541 0.130616 0.133477 0.136262 0.138613 0.140911 0.143027 0.144969 0.146693 0.14819 0.149891 0.151706 0.153472 0.155372 0.15727 0.159163 0.160931 0.162683 0.164538 0.166442 0.168005 0.169394 0.170699 0.172231 0.173367 0.174337 0.175458 0.176405 0.177446 0.178434 0.179341 0.180336 
>>>>>>> 62e055e55f99d69d07f483402b951e7c543bbdbf
