7 8 10 12 14 16 18 20 22 24 26 28 
0.0165629 0.0331258 0.0496887 0.0662516 0.0828145 0.0993774 0.11594 0.132503 0.149066 0.165629 0.182192 0.198755 0.215318 0.231881 0.248444 0.265007 0.281569 0.298132 0.314695 0.331258 0.347821 0.364384 0.380947 0.39751 0.414073 0.430636 0.447198 0.463761 0.480324 0.496887 0.51345 0.530013 0.546576 0.563139 0.579702 0.596265 0.612828 0.62939 0.645953 0.662516 0.679079 0.695642 0.712205 0.728768 0.745331 0.761894 0.778457 0.79502 0.811582 0.828145 
0.0497766 0.0635406 0.0672544 0.0684557 0.0692748 0.0692937 0.0691563 0.069212 0.0694315 0.0692671 0.0691554 0.0692996 0.0694685 0.0692472 0.0693369 0.069329 0.0692484 0.0693217 0.0693703 0.069341 0.0694659 0.0693362 0.0694396 0.0694161 0.0693099 0.0694349 0.0693629 0.069274 0.0693715 0.0694174 0.0694579 0.0693986 0.0693565 0.069313 0.0692456 0.0693151 0.0693488 0.0693993 0.0694809 0.0694377 0.0693672 0.0693043 0.0693446 0.0694584 0.0695532 0.0693602 0.0693459 0.0693828 0.0695866 0.0694376 
0.0803919 0.110512 0.120591 0.12465 0.127057 0.127784 0.127185 0.127643 0.127894 0.127865 0.127782 0.127605 0.127747 0.127724 0.12767 0.127656 0.127563 0.12775 0.127691 0.127496 0.127759 0.127813 0.127851 0.127855 0.127671 0.127985 0.127854 0.127828 0.127852 0.127833 0.127915 0.127806 0.127788 0.127698 0.127776 0.127785 0.127702 0.127678 0.127866 0.127725 0.127534 0.127619 0.12771 0.127708 0.127779 0.127543 0.127457 0.127587 0.12799 0.127785 
0.147848 0.229638 0.270519 0.290047 0.300421 0.306334 0.309149 0.31088 0.312923 0.313181 0.313475 0.312773 0.313257 0.313087 0.313205 0.313703 0.313357 0.313146 0.312371 0.312136 0.31306 0.313287 0.313574 0.314202 0.314491 0.314054 0.314107 0.314568 0.315018 0.31514 0.314853 0.314278 0.314412 0.313841 0.313859 0.313918 0.313589 0.31385 0.314236 0.314671 0.314909 0.314776 0.314802 0.314675 0.314803 0.314792 0.314282 0.313967 0.313891 0.313166 
0.194569 0.326787 0.40844 0.457177 0.487194 0.50654 0.51872 0.526231 0.533469 0.537652 0.540763 0.541847 0.544477 0.545499 0.546279 0.546201 0.54563 0.545908 0.544851 0.544646 0.545041 0.545491 0.545686 0.545258 0.545415 0.544217 0.543824 0.54442 0.545784 0.54703 0.547223 0.546262 0.546059 0.544885 0.544323 0.543988 0.543374 0.543752 0.544442 0.545083 0.545354 0.545738 0.545897 0.546281 0.546378 0.545448 0.54508 0.544224 0.544342 0.544713 
0.228029 0.404803 0.529489 0.615081 0.674936 0.716288 0.74567 0.764601 0.780551 0.79224 0.80108 0.808047 0.813819 0.817886 0.820261 0.821128 0.822647 0.823171 0.822659 0.823398 0.822766 0.822638 0.824056 0.824847 0.824385 0.82341 0.822507 0.823084 0.823164 0.823428 0.823817 0.824186 0.823956 0.822827 0.821805 0.822562 0.823457 0.823953 0.825081 0.826645 0.827038 0.826995 0.827593 0.828597 0.828667 0.82664 0.826061 0.825549 0.826647 0.825599 
0.254229 0.468985 0.633175 0.755933 0.849069 0.919936 0.972713 1.0106 1.04121 1.06555 1.08466 1.10038 1.11482 1.12624 1.13409 1.14011 1.14526 1.14802 1.14976 1.15136 1.15257 1.15297 1.15294 1.15354 1.1529 1.1517 1.15157 1.15084 1.15046 1.14975 1.14974 1.14984 1.14948 1.15054 1.15156 1.15152 1.1525 1.15248 1.15323 1.1526 1.15207 1.15175 1.1514 1.15217 1.15304 1.15123 1.15002 1.14979 1.1509 1.1514 
0.26884 0.507026 0.700749 0.854147 0.975303 1.07185 1.14824 1.20818 1.25923 1.29978 1.33289 1.36146 1.38641 1.40603 1.42094 1.43414 1.44472 1.45278 1.45913 1.46199 1.46681 1.46906 1.46995 1.47264 1.47452 1.47619 1.47788 1.47935 1.48006 1.47972 1.47904 1.47884 1.47815 1.47996 1.48114 1.48284 1.48408 1.48386 1.4844 1.48308 1.48202 1.48182 1.48135 1.48199 1.4823 1.47976 1.47697 1.47683 1.47783 1.4786 
0.277274 0.532867 0.748385 0.927068 1.07517 1.19688 1.29683 1.38074 1.4554 1.51811 1.57013 1.61561 1.65456 1.68566 1.71156 1.7362 1.75742 1.77551 1.79043 1.8007 1.81111 1.81806 1.82223 1.8281 1.83188 1.83645 1.84038 1.84399 1.84673 1.84872 1.84905 1.84987 1.85033 1.85178 1.85239 1.85358 1.85508 1.85542 1.8557 1.85482 1.85419 1.85246 1.85 1.84858 1.84704 1.84423 1.84127 1.84046 1.8413 1.84319 
0.278498 0.542672 0.772002 0.967134 1.13656 1.28089 1.40482 1.51355 1.61118 1.69607 1.76821 1.83217 1.88816 1.93403 1.97353 2.00881 2.03923 2.06788 2.0931 2.11473 2.1357 2.15205 2.16402 2.17502 2.18269 2.19097 2.19849 2.20632 2.21416 2.22163 2.22763 2.23359 2.23882 2.24221 2.24473 2.24685 2.24769 2.2477 2.24952 2.25236 2.25427 2.25481 2.25368 2.25188 2.24971 2.24757 2.24498 2.24412 2.24558 2.24797 
0.275217 0.542361 0.779753 0.986125 1.1698 1.33023 1.47159 1.59911 1.71574 1.81801 1.90706 1.98826 2.05987 2.11973 2.17252 2.22046 2.26047 2.29966 2.33517 2.36727 2.39665 2.42279 2.444 2.46251 2.47758 2.49203 2.50317 2.51509 2.52592 2.53778 2.54871 2.55744 2.56618 2.57303 2.57952 2.586 2.5912 2.59514 2.60161 2.60933 2.61599 2.62218 2.62668 2.62963 2.6314 2.63116 2.62984 2.62948 2.63138 2.63318 
0.268152 0.533497 0.771582 0.981264 1.16955 1.33811 1.48934 1.62769 1.75486 1.87044 1.97362 2.0687 2.1546 2.22989 2.29717 2.36105 2.41703 2.46924 2.51609 2.55866 2.59636 2.63212 2.66124 2.68778 2.71046 2.73048 2.74609 2.76196 2.77657 2.79077 2.80235 2.81025 2.8177 2.82516 2.83311 2.84154 2.85163 2.86133 2.87204 2.88452 2.89696 2.9071 2.91604 2.92262 2.92943 2.9354 2.94146 2.94836 2.95522 2.96146 
0.258105 0.516888 0.751924 0.960353 1.151 1.3255 1.48325 1.6286 1.76325 1.88891 2.0038 2.10843 2.20483 2.29246 2.37138 2.44587 2.5128 2.57468 2.63024 2.67971 2.72364 2.76488 2.79989 2.83457 2.86564 2.8906 2.91103 2.9315 2.95151 2.97026 2.98645 3.00023 3.01281 3.02603 3.03911 3.05226 3.06646 3.07875 3.08938 3.10181 3.11553 3.12791 3.13744 3.14492 3.15155 3.15846 3.16588 3.17241 3.1802 3.18763 
