7 8 10 12 14 16 18 20 22 24 26 28 
<<<<<<< HEAD
0.0165629 0.0331258 0.0496887 0.0662516 0.0828145 0.0993774 0.11594 0.132503 0.149066 0.165629 0.182192 0.198755 0.215318 0.231881 0.248444 0.265007 0.281569 0.298132 0.314695 0.331258 0.347821 0.364384 0.380947 0.39751 0.414073 0.430636 0.447198 0.463761 0.480324 0.496887 0.51345 0.530013 0.546576 0.563139 0.579702 0.596265 0.612828 0.62939 0.645953 0.662516 0.679079 0.695642 0.712205 0.728768 0.745331 0.761894 0.778457 0.79502 0.811582 0.828145 
0.0386335 0.0499207 0.0529164 0.0539546 0.0543251 0.0543625 0.054568 0.0546914 0.054696 0.0547195 0.0548189 0.0548098 0.0550147 0.0549737 0.0552779 0.0552364 0.0550606 0.0549819 0.0549657 0.0548816 0.0550811 0.0552887 0.0553748 0.0553751 0.0552154 0.0550412 0.0551251 0.0551571 0.0552335 0.0551626 0.0551111 0.055053 0.0551178 0.0551903 0.0552472 0.0553309 0.0552158 0.0553937 0.0553987 0.0552143 0.0552995 0.0554295 0.0553845 0.0552558 0.0551884 0.0552746 0.0553498 0.0553422 0.0554267 0.0554966 
0.0663238 0.0920732 0.10101 0.104184 0.105357 0.105934 0.106211 0.106462 0.106678 0.106621 0.106636 0.10701 0.10734 0.107133 0.10736 0.107762 0.107616 0.107559 0.107329 0.107091 0.107353 0.107581 0.107915 0.107899 0.107542 0.10712 0.107322 0.107329 0.10747 0.107621 0.107568 0.107334 0.107277 0.107407 0.107416 0.107651 0.107589 0.107708 0.107668 0.107667 0.107926 0.107983 0.10802 0.107822 0.107682 0.107612 0.107881 0.108002 0.10807 0.108134 
0.124444 0.194177 0.22752 0.243732 0.251972 0.257243 0.260219 0.261741 0.262648 0.263172 0.263176 0.26374 0.26427 0.264188 0.263601 0.263671 0.263575 0.264002 0.264309 0.264763 0.265032 0.264698 0.264702 0.26426 0.263671 0.263679 0.263959 0.263679 0.263306 0.263349 0.263121 0.262869 0.263167 0.263392 0.263575 0.263991 0.264187 0.263822 0.263807 0.264257 0.264772 0.264926 0.264923 0.264696 0.264643 0.264584 0.264443 0.264438 0.264772 0.265088 
0.156369 0.263514 0.328259 0.367283 0.391281 0.406011 0.415553 0.421717 0.425579 0.427986 0.429569 0.430974 0.432451 0.433542 0.433312 0.432835 0.432227 0.431694 0.431878 0.432766 0.433391 0.433788 0.433479 0.433081 0.43282 0.432961 0.432618 0.432277 0.430715 0.431548 0.431887 0.431416 0.43154 0.431769 0.432844 0.432695 0.432266 0.431139 0.431118 0.431749 0.432798 0.432937 0.43305 0.43344 0.43308 0.432567 0.43155 0.431196 0.431768 0.431758 
0.176106 0.313754 0.410528 0.476321 0.521329 0.552442 0.575525 0.592792 0.603891 0.611435 0.615937 0.619921 0.623062 0.625681 0.627067 0.628131 0.627164 0.62561 0.626058 0.626809 0.627979 0.628015 0.62688 0.626225 0.627044 0.628466 0.627817 0.627335 0.626181 0.626932 0.626645 0.62607 0.625562 0.625441 0.626835 0.6268 0.627192 0.627281 0.627555 0.627585 0.628374 0.628228 0.628232 0.627817 0.627198 0.627089 0.625575 0.624722 0.624663 0.624066 
0.19456 0.35944 0.484724 0.578937 0.649906 0.705164 0.747924 0.781108 0.805047 0.823066 0.835196 0.845711 0.853718 0.859754 0.864897 0.869179 0.870577 0.870577 0.871618 0.873285 0.874343 0.874705 0.874969 0.875894 0.877341 0.879214 0.878841 0.878224 0.877346 0.876608 0.875508 0.87463 0.874641 0.874096 0.873942 0.872988 0.872471 0.872159 0.871948 0.872057 0.873316 0.874997 0.875532 0.874383 0.874022 0.873692 0.872381 0.871308 0.871389 0.871814 
0.207499 0.392286 0.540421 0.658582 0.752832 0.830299 0.892541 0.942856 0.983061 1.01503 1.0387 1.06013 1.07704 1.09038 1.10192 1.11243 1.12004 1.12451 1.12763 1.13114 1.13309 1.1339 1.13587 1.13792 1.14106 1.14272 1.14229 1.14182 1.14288 1.14284 1.1432 1.14389 1.14513 1.14592 1.14629 1.14706 1.14682 1.14679 1.14646 1.14555 1.14608 1.14821 1.14945 1.14879 1.14958 1.1491 1.14866 1.14837 1.1493 1.15122 
0.217773 0.419399 0.587554 0.729634 0.847785 0.948651 1.0331 1.10385 1.16232 1.21101 1.24873 1.28221 1.30941 1.33312 1.3556 1.37658 1.39343 1.40577 1.41564 1.42542 1.43314 1.43885 1.44537 1.45081 1.45595 1.45961 1.46086 1.46188 1.46397 1.46524 1.46597 1.4677 1.46929 1.46963 1.46927 1.47061 1.47165 1.47249 1.47481 1.47601 1.4769 1.47743 1.47901 1.47826 1.47778 1.47643 1.47603 1.47456 1.4733 1.47316 
0.22237 0.434702 0.616727 0.777366 0.91463 1.03434 1.13744 1.22516 1.29991 1.36504 1.41971 1.46752 1.50838 1.54502 1.57922 1.6109 1.6392 1.66181 1.68002 1.69792 1.71252 1.72475 1.73675 1.74654 1.75597 1.76266 1.76716 1.77111 1.77604 1.78192 1.78622 1.7903 1.79393 1.79653 1.79775 1.798 1.79813 1.79771 1.79927 1.80027 1.79945 1.79917 1.80022 1.80111 1.80104 1.79896 1.79794 1.79599 1.79432 1.79356 
0.221219 0.437206 0.626895 0.798252 0.948974 1.08351 1.20213 1.30537 1.39481 1.47373 1.54179 1.60091 1.65373 1.70191 1.74507 1.78456 1.82067 1.85181 1.87727 1.90263 1.92492 1.94383 1.96186 1.97816 1.99575 2.01048 2.02228 2.03092 2.03878 2.04734 2.05379 2.05959 2.06449 2.06841 2.07118 2.07337 2.07287 2.07295 2.07515 2.0763 2.0755 2.0772 2.08033 2.08391 2.08751 2.08837 2.08856 2.08714 2.08628 2.0875 
0.216308 0.431735 0.624347 0.80175 0.960542 1.10497 1.23496 1.35205 1.45726 1.55202 1.63385 1.70526 1.77065 1.83055 1.88446 1.93444 1.97946 2.01871 2.05228 2.08532 2.1174 2.14407 2.16908 2.19212 2.2155 2.23694 2.25503 2.26959 2.28195 2.29452 2.304 2.31136 2.31786 2.32327 2.32815 2.33357 2.33547 2.33748 2.34107 2.34351 2.3434 2.34472 2.3467 2.34808 2.34879 2.34779 2.3474 2.34679 2.34731 2.35079 
0.210197 0.42229 0.61483 0.794506 0.956865 1.10524 1.241 1.36533 1.47805 1.58225 1.67458 1.75642 1.83272 1.90241 1.96525 2.02319 2.07665 2.1237 2.1651 2.20543 2.24552 2.28074 2.31467 2.34678 2.37786 2.40691 2.43406 2.45793 2.47861 2.49921 2.51618 2.53089 2.54538 2.55858 2.57011 2.58142 2.58966 2.59642 2.60445 2.61049 2.61262 2.61516 2.61887 2.62087 2.62214 2.62107 2.62069 2.62135 2.62366 2.62792 
=======
0.0166667 0.0333333 0.05 0.0666667 0.0833333 0.1 0.116667 0.133333 0.15 0.166667 0.183333 0.2 0.216667 0.233333 0.25 0.266667 0.283333 0.3 0.316667 0.333333 0.35 0.366667 0.383333 0.4 0.416667 0.433333 0.45 0.466667 0.483333 0.5 0.516667 0.533333 0.55 0.566667 0.583333 0.6 0.616667 0.633333 0.65 0.666667 0.683333 0.7 0.716667 0.733333 0.75 0.766667 0.783333 0.8 0.816667 0.833333 
0.00083925 0.00122113 0.00138014 0.00145595 0.00147834 0.00150296 0.00151404 0.00152468 0.00151869 0.00151449 0.00152085 0.00152726 0.00154057 0.00153799 0.00154943 0.00154851 0.00155098 0.00155762 0.00155304 0.00154042 0.00153844 0.00154219 0.00155326 0.00155574 0.00156195 0.00156597 0.00155602 0.00155399 0.00156649 0.00157711 0.00158036 0.00157752 0.00157281 0.00157918 0.00157704 0.00157714 0.00157836 0.00158416 0.00158137 0.00157672 0.00157707 0.00157498 0.0015791 0.00158075 0.001595 0.00160091 0.00159787 0.00158917 0.00158441 0.00158737 
0.00121903 0.001947 0.00231552 0.00250431 0.00258065 0.00262459 0.00263391 0.00266337 0.0026529 0.00265763 0.00266696 0.00269796 0.00273209 0.00273386 0.00274348 0.00274326 0.00275531 0.00277983 0.00277054 0.00273761 0.00272664 0.00273819 0.00275759 0.00277402 0.00279303 0.00279779 0.00279996 0.002804 0.00282784 0.0028467 0.00284806 0.0028451 0.00284382 0.00285032 0.0028548 0.00284415 0.00283033 0.00284229 0.0028606 0.00284816 0.00284397 0.00284229 0.00283872 0.00283902 0.00287174 0.00287169 0.00286248 0.00283676 0.0028139 0.00281579 
0.00236472 0.00412044 0.00530872 0.00602851 0.0064695 0.0067576 0.00687337 0.00695644 0.00693731 0.00703242 0.00706929 0.00713622 0.00725677 0.00734382 0.00734353 0.00736975 0.00736425 0.00740215 0.00739775 0.00738076 0.00737986 0.00742467 0.00744675 0.00744151 0.00747824 0.00747212 0.00745521 0.00741895 0.00741995 0.00743736 0.00744913 0.00746704 0.00746971 0.00748458 0.00752712 0.00752217 0.00747521 0.00743611 0.00743032 0.00745737 0.0074653 0.00748559 0.00751168 0.00752994 0.00761043 0.00764937 0.00764915 0.00759558 0.00755855 0.00756339 
0.00306583 0.00554496 0.00744801 0.00879967 0.0098019 0.0105579 0.0110525 0.0114049 0.011563 0.0118803 0.011999 0.0121253 0.012271 0.0123876 0.0123999 0.0124869 0.0124967 0.0125527 0.0126164 0.012653 0.0127088 0.0128335 0.0129086 0.0129021 0.0128954 0.0128199 0.0127344 0.0126756 0.0126096 0.0125852 0.0125994 0.0126035 0.0126371 0.0126355 0.0126491 0.0126609 0.0126072 0.0125929 0.0126525 0.0126902 0.0126688 0.012706 0.0127473 0.0127911 0.0128634 0.0129132 0.0129606 0.0129315 0.0129327 0.0129306 
0.00338867 0.00629509 0.00866066 0.0105652 0.0121138 0.013402 0.0144165 0.0151997 0.0157393 0.0163455 0.0167043 0.017033 0.0173217 0.0175893 0.0177295 0.0178825 0.0179891 0.0181488 0.0183 0.0184067 0.0184954 0.0186308 0.018736 0.018785 0.0187693 0.0186796 0.0185257 0.0184713 0.0183496 0.0182583 0.0182237 0.0181823 0.0182048 0.0182147 0.01824 0.0182776 0.018263 0.0182686 0.0183209 0.0183336 0.0183126 0.0183586 0.0183591 0.0183976 0.0184347 0.0183914 0.018395 0.0183581 0.0183969 0.0184112 
0.00287989 0.00551681 0.0077207 0.00961383 0.0112173 0.0125975 0.0137309 0.0146362 0.0153701 0.0160768 0.0165831 0.0169972 0.0173631 0.0176865 0.0179409 0.0181776 0.0184206 0.018712 0.0189769 0.0192204 0.0193779 0.019541 0.019658 0.0197591 0.0197748 0.0197361 0.019652 0.0196635 0.0195874 0.0194857 0.0194187 0.0193586 0.0193425 0.0193421 0.0193703 0.0193539 0.0193191 0.0193202 0.0193299 0.019358 0.0193473 0.0193746 0.0193559 0.0193711 0.0193997 0.0193199 0.0192745 0.0192082 0.0192133 0.0192227 
0.00233948 0.00460794 0.00653905 0.00825678 0.00973804 0.0110472 0.0121734 0.0130879 0.0138878 0.0146552 0.0152615 0.0157161 0.0160987 0.0164345 0.0167468 0.0170307 0.0173222 0.0176115 0.0178787 0.0181335 0.0183193 0.0184845 0.0186116 0.0187414 0.0187863 0.0188148 0.0188063 0.0188486 0.0188544 0.0188222 0.0187931 0.0187704 0.0187263 0.0186906 0.018704 0.0186753 0.0186486 0.0186306 0.0186162 0.0186514 0.0186626 0.0186946 0.0187134 0.0187551 0.0188052 0.0187717 0.0187226 0.0186558 0.0186212 0.018569 
0.00262939 0.00526063 0.00758425 0.00973444 0.011652 0.0134076 0.0149816 0.0163202 0.0174954 0.0186167 0.0195724 0.0203337 0.020956 0.0215359 0.0220659 0.0224858 0.0228869 0.023233 0.0235098 0.0238366 0.0241058 0.0243696 0.0246196 0.0248554 0.0250388 0.025228 0.0253329 0.0254287 0.0255221 0.0255903 0.0256261 0.0256854 0.0256797 0.0256614 0.0257114 0.0257421 0.0257639 0.0257503 0.0257503 0.0257847 0.0258655 0.0259523 0.0260911 0.026216 0.0263094 0.026344 0.0262926 0.0262169 0.0261537 0.0260444 
0.00361312 0.00723671 0.0105574 0.013705 0.0165573 0.0192658 0.0217779 0.0240464 0.0261149 0.0280718 0.0298014 0.0313349 0.0326355 0.0338923 0.0350098 0.0358707 0.0366672 0.0373581 0.0378955 0.0385101 0.0390779 0.039613 0.0401924 0.0407344 0.0411939 0.0416448 0.0419457 0.0421568 0.0423712 0.0425616 0.0426358 0.0427995 0.0428783 0.0429235 0.0430544 0.0431811 0.0433057 0.0433897 0.043448 0.0434988 0.0436765 0.0438842 0.0442474 0.0445567 0.0448143 0.0450175 0.0450461 0.0450447 0.0450218 0.0449527 
0.00491541 0.0098364 0.0144465 0.0188263 0.0228321 0.0267371 0.0304661 0.0339767 0.0372323 0.0403098 0.0431128 0.0457173 0.0479825 0.0501902 0.0521775 0.053767 0.0552602 0.0565968 0.0577324 0.0589403 0.0600846 0.0611661 0.0623067 0.063371 0.0643092 0.0651799 0.0658805 0.066382 0.0668826 0.067426 0.0677482 0.068176 0.068481 0.0687668 0.0691003 0.0694199 0.0697348 0.0700093 0.0701976 0.0702892 0.070535 0.0708181 0.0713361 0.0717439 0.0720624 0.0722927 0.0722842 0.0722968 0.0722644 0.0722598 
0.00647054 0.0129231 0.0190939 0.0250073 0.0305158 0.0359286 0.0411511 0.0461535 0.0507966 0.055152 0.0591759 0.0629478 0.0662877 0.0695548 0.0725381 0.0750701 0.0774835 0.0797405 0.081797 0.0840242 0.0862127 0.0882674 0.090366 0.0924287 0.094312 0.0960597 0.0976027 0.0988044 0.0999264 0.101067 0.101891 0.102833 0.10356 0.10424 0.10493 0.10558 0.106311 0.107042 0.107599 0.107922 0.108422 0.108917 0.109631 0.110228 0.110725 0.111084 0.111159 0.111265 0.111335 0.111485 
0.00765431 0.0152765 0.0226098 0.0296773 0.0363146 0.0428524 0.0492033 0.055372 0.0611471 0.066554 0.0715579 0.0762431 0.0804586 0.0845992 0.0883945 0.0917512 0.0950192 0.0981229 0.101022 0.104126 0.107214 0.11009 0.112964 0.115759 0.118305 0.120656 0.122818 0.124623 0.12629 0.127966 0.129264 0.130679 0.131853 0.13294 0.134026 0.135006 0.136085 0.13715 0.138054 0.138652 0.139404 0.140146 0.141083 0.141908 0.142611 0.143142 0.143347 0.143547 0.143684 0.143947 
>>>>>>> 62e055e55f99d69d07f483402b951e7c543bbdbf
