7 8 10 12 14 16 18 20 22 24 26 28 
0.0165629 0.0331258 0.0496887 0.0662516 0.0828145 0.0993774 0.11594 0.132503 0.149066 0.165629 0.182192 0.198755 0.215318 0.231881 0.248444 0.265007 0.281569 0.298132 0.314695 0.331258 0.347821 0.364384 0.380947 0.39751 0.414073 0.430636 0.447198 0.463761 0.480324 0.496887 0.51345 0.530013 0.546576 0.563139 0.579702 0.596265 0.612828 0.62939 0.645953 0.662516 0.679079 0.695642 0.712205 0.728768 0.745331 0.761894 0.778457 0.79502 0.811582 0.828145 
0.0408044 0.0525576 0.0556535 0.0566641 0.0568675 0.0571773 0.0571995 0.0574729 0.0574175 0.0576326 0.0576856 0.0576745 0.0575547 0.0575474 0.0576523 0.057687 0.0578802 0.0577298 0.0576607 0.0576829 0.0577274 0.0576719 0.0578288 0.0579198 0.0578163 0.0577238 0.0576986 0.0577445 0.0577938 0.057663 0.057629 0.0576129 0.0576797 0.0576756 0.0575596 0.0576773 0.0576601 0.0576036 0.0575338 0.0575797 0.0575965 0.057594 0.0574465 0.0575169 0.0575309 0.0575649 0.057594 0.0576381 0.0576931 0.0576681 
0.0685239 0.0947394 0.104029 0.10716 0.108485 0.109115 0.108988 0.109497 0.109505 0.109432 0.109212 0.109415 0.109468 0.109552 0.109588 0.109327 0.109664 0.109537 0.109425 0.109443 0.109542 0.109332 0.109414 0.109638 0.109578 0.109426 0.109522 0.10952 0.109601 0.109334 0.109347 0.10914 0.109055 0.109453 0.109432 0.109407 0.109319 0.10925 0.109167 0.109059 0.108987 0.10893 0.108895 0.109109 0.108983 0.109007 0.108836 0.108974 0.108978 0.108853 
0.122002 0.189759 0.223516 0.240417 0.247576 0.251312 0.253397 0.255837 0.256613 0.256648 0.256058 0.255764 0.255869 0.255925 0.25527 0.255813 0.25669 0.257291 0.257038 0.257279 0.257058 0.2566 0.256152 0.256162 0.256676 0.256909 0.256638 0.256972 0.256967 0.256831 0.256444 0.255889 0.255203 0.255286 0.25548 0.255969 0.2564 0.256365 0.25678 0.257091 0.256733 0.25636 0.255858 0.2558 0.255925 0.255861 0.255548 0.255938 0.255395 0.255926 
0.160731 0.270574 0.338176 0.380222 0.403704 0.419599 0.428735 0.435816 0.439098 0.441397 0.442382 0.443368 0.444079 0.444557 0.444153 0.444148 0.445378 0.446656 0.446581 0.446443 0.445774 0.44578 0.44607 0.447322 0.44754 0.447799 0.447478 0.446964 0.446412 0.445897 0.445956 0.445402 0.44523 0.44567 0.445917 0.446321 0.446709 0.448584 0.450148 0.450002 0.449272 0.448003 0.447905 0.447702 0.448123 0.448412 0.447848 0.447116 0.445657 0.446117 
0.190497 0.338942 0.443714 0.51661 0.565805 0.602404 0.626537 0.64387 0.654874 0.664135 0.670313 0.674697 0.678627 0.680975 0.681883 0.683034 0.68466 0.686126 0.686657 0.686656 0.686172 0.686612 0.686776 0.686838 0.68713 0.687144 0.687468 0.687586 0.68814 0.690148 0.691051 0.690719 0.691422 0.691313 0.692032 0.691923 0.691837 0.692633 0.693712 0.694334 0.694683 0.693042 0.692956 0.692608 0.692917 0.694643 0.695516 0.696051 0.695527 0.694803 
0.20872 0.385634 0.522314 0.625116 0.701817 0.761923 0.806457 0.839966 0.864097 0.882862 0.897409 0.909419 0.919607 0.926381 0.932048 0.937185 0.942314 0.946276 0.949787 0.951067 0.951193 0.951764 0.952019 0.952681 0.952771 0.953427 0.954007 0.953981 0.954355 0.957218 0.957905 0.957516 0.958531 0.959807 0.961646 0.962236 0.962902 0.963141 0.963726 0.964869 0.966269 0.966517 0.966415 0.966203 0.965321 0.965639 0.965439 0.966234 0.966396 0.966187 
0.214926 0.406865 0.562948 0.686066 0.783678 0.863248 0.926035 0.976913 1.01692 1.0491 1.07505 1.09716 1.11648 1.1325 1.14513 1.1552 1.16443 1.17219 1.17937 1.18313 1.18566 1.18629 1.18646 1.18733 1.18816 1.18959 1.18991 1.18981 1.18865 1.18977 1.19002 1.18929 1.1898 1.19059 1.19153 1.19142 1.19056 1.18976 1.1904 1.19158 1.19352 1.19635 1.19768 1.19842 1.19758 1.19714 1.1959 1.19466 1.19397 1.19258 
0.2153 0.41686 0.587076 0.725615 0.839816 0.936532 1.01824 1.08723 1.14385 1.19216 1.2311 1.26394 1.29285 1.31966 1.34249 1.36102 1.3787 1.39321 1.40637 1.41552 1.42204 1.42584 1.42769 1.42994 1.43198 1.43511 1.43716 1.439 1.44034 1.44158 1.44208 1.44181 1.44282 1.44238 1.44189 1.4412 1.44006 1.43816 1.43668 1.43686 1.43767 1.4401 1.4418 1.44328 1.44402 1.44447 1.44513 1.44717 1.44938 1.45145 
0.213477 0.418252 0.596673 0.747345 0.873807 0.984391 1.08042 1.16435 1.2357 1.29765 1.34976 1.39467 1.4352 1.47277 1.50605 1.53376 1.55827 1.57699 1.59348 1.60735 1.61921 1.62799 1.63491 1.64061 1.64577 1.65252 1.65888 1.66489 1.67024 1.67363 1.67625 1.67933 1.68319 1.68501 1.6871 1.68914 1.68947 1.68865 1.68741 1.68972 1.6932 1.69706 1.69991 1.70202 1.70317 1.70448 1.70577 1.70795 1.70944 1.70973 
0.207417 0.410324 0.592376 0.750771 0.887999 1.01062 1.11881 1.21627 1.3023 1.37781 1.44221 1.49757 1.54764 1.59419 1.63611 1.67333 1.70584 1.73216 1.75472 1.7739 1.79137 1.80583 1.81841 1.8289 1.83822 1.84894 1.8594 1.86917 1.87768 1.88354 1.88905 1.89502 1.90151 1.90685 1.9126 1.9166 1.91945 1.92074 1.92142 1.92568 1.9314 1.9372 1.94164 1.94621 1.94987 1.95395 1.95641 1.95883 1.96033 1.96007 
0.199069 0.398426 0.580507 0.740896 0.88435 1.01584 1.13449 1.24287 1.34089 1.42845 1.50371 1.57102 1.63404 1.69245 1.74626 1.79662 1.84205 1.88052 1.91549 1.94703 1.97543 1.99999 2.02036 2.03829 2.05522 2.0735 2.09105 2.10604 2.11891 2.12838 2.13683 2.14453 2.15235 2.15914 2.16653 2.17137 2.17611 2.17921 2.18246 2.18772 2.19272 2.19739 2.20174 2.20676 2.21317 2.21877 2.22301 2.22761 2.23046 2.23105 
0.19196 0.385827 0.564919 0.72471 0.870552 1.00519 1.12856 1.24215 1.34598 1.43882 1.52069 1.59696 1.66853 1.7348 1.7947 1.85121 1.90299 1.94895 1.99224 2.03145 2.06724 2.09742 2.12327 2.14639 2.1683 2.19185 2.21454 2.23434 2.25237 2.26562 2.27735 2.28867 2.30017 2.30923 2.31956 2.32778 2.3352 2.34054 2.34542 2.35179 2.35675 2.35994 2.3639 2.36738 2.37293 2.3772 2.38028 2.38452 2.38731 2.38868 
