7 8 10 12 14 16 18 20 22 24 26 28 
0.0165629 0.0331258 0.0496887 0.0662516 0.0828145 0.0993774 0.11594 0.132503 0.149066 0.165629 0.182192 0.198755 0.215318 0.231881 0.248444 0.265007 0.281569 0.298132 0.314695 0.331258 0.347821 0.364384 0.380947 0.39751 0.414073 0.430636 0.447198 0.463761 0.480324 0.496887 0.51345 0.530013 0.546576 0.563139 0.579702 0.596265 0.612828 0.62939 0.645953 0.662516 0.679079 0.695642 0.712205 0.728768 0.745331 0.761894 0.778457 0.79502 0.811582 0.828145 
0.0396256 0.0511737 0.0541023 0.0550887 0.0553494 0.0558273 0.0558286 0.0557136 0.05576 0.0558148 0.055915 0.0559281 0.0559865 0.0561387 0.0562738 0.0562464 0.0561116 0.0560027 0.0559871 0.0560324 0.0561327 0.0560888 0.0559499 0.0560433 0.05606 0.056095 0.056118 0.0560398 0.0560198 0.0560753 0.0558896 0.0557876 0.0557146 0.0558283 0.0559574 0.0559744 0.0560303 0.0560493 0.0560284 0.0560036 0.0560875 0.0559574 0.0560166 0.0560664 0.0559601 0.0560007 0.0560978 0.0561486 0.0560569 0.0560336 
0.0685149 0.0954438 0.104257 0.107461 0.108292 0.109103 0.109473 0.109376 0.109267 0.108863 0.108991 0.109235 0.109459 0.10981 0.10967 0.109877 0.109902 0.109963 0.109786 0.109675 0.109923 0.109909 0.109532 0.1096 0.109698 0.109867 0.109894 0.109807 0.109602 0.109574 0.109354 0.109214 0.109277 0.10953 0.109792 0.109959 0.109944 0.10966 0.109606 0.109597 0.109632 0.109371 0.109343 0.109422 0.109508 0.109816 0.1099 0.109579 0.109421 0.109115 
0.129994 0.20372 0.239137 0.256411 0.263907 0.267397 0.269669 0.270697 0.271731 0.272156 0.272728 0.272265 0.272577 0.273027 0.273244 0.273789 0.2744 0.274356 0.274067 0.274284 0.274677 0.274625 0.274529 0.273644 0.273364 0.273534 0.273712 0.27449 0.274692 0.274277 0.274475 0.274696 0.275103 0.275983 0.276078 0.276441 0.276123 0.275439 0.274545 0.274087 0.274646 0.274854 0.274571 0.274486 0.274402 0.274708 0.274748 0.274644 0.274797 0.274143 
0.170187 0.288193 0.360921 0.40523 0.431879 0.448523 0.45829 0.464643 0.469164 0.472278 0.47476 0.475625 0.476468 0.476969 0.477827 0.478058 0.478286 0.478699 0.479033 0.479849 0.479257 0.479182 0.479847 0.479405 0.478889 0.479157 0.479552 0.479863 0.48057 0.480719 0.481622 0.482403 0.482739 0.48344 0.483192 0.483701 0.483865 0.483902 0.483979 0.484019 0.484035 0.483658 0.48363 0.483416 0.483247 0.483357 0.482805 0.48258 0.483177 0.482734 
0.200967 0.358638 0.469204 0.545968 0.600494 0.638794 0.665297 0.685254 0.700326 0.710895 0.717407 0.722431 0.725927 0.728613 0.73091 0.734027 0.736258 0.736729 0.738058 0.738377 0.738717 0.739375 0.739417 0.739021 0.739005 0.740068 0.741324 0.741669 0.742216 0.743249 0.744085 0.744931 0.743413 0.74268 0.742648 0.743282 0.742977 0.74389 0.744021 0.743986 0.744089 0.743449 0.743187 0.742413 0.742368 0.743017 0.743235 0.744249 0.745388 0.745239 
0.226039 0.41877 0.563414 0.67175 0.754888 0.818787 0.868872 0.909364 0.940843 0.964821 0.982292 0.994792 1.00456 1.01236 1.01878 1.02551 1.03002 1.03217 1.03539 1.03706 1.03986 1.04275 1.04314 1.04243 1.04189 1.04282 1.04386 1.04356 1.04314 1.04374 1.04568 1.04941 1.05165 1.05266 1.05217 1.05161 1.05041 1.04984 1.04927 1.04925 1.05047 1.05064 1.05021 1.04952 1.04714 1.04674 1.04556 1.04666 1.04851 1.04973 
0.242882 0.46011 0.631959 0.766262 0.873729 0.95943 1.03071 1.09091 1.13967 1.17934 1.21013 1.23356 1.25302 1.26912 1.28255 1.29595 1.30704 1.31429 1.32048 1.32448 1.32882 1.33297 1.33455 1.33505 1.3354 1.33693 1.33878 1.33989 1.34118 1.34373 1.34902 1.35482 1.35844 1.36074 1.3607 1.35956 1.35797 1.35679 1.35662 1.35664 1.35662 1.35582 1.35376 1.35295 1.35 1.34954 1.34959 1.35071 1.35325 1.3559 
0.256404 0.495085 0.692954 0.855492 0.99173 1.10369 1.19868 1.28059 1.3484 1.40682 1.45386 1.4926 1.52471 1.55234 1.57624 1.59836 1.61741 1.63198 1.64413 1.65381 1.66224 1.67011 1.67677 1.68232 1.68785 1.69198 1.69652 1.70011 1.70318 1.70783 1.71346 1.71989 1.72502 1.72993 1.7327 1.73345 1.73338 1.73383 1.7352 1.73547 1.73499 1.73467 1.73274 1.73226 1.73067 1.72944 1.7289 1.72919 1.73136 1.73492 
0.267528 0.525723 0.744511 0.931924 1.09281 1.22878 1.34765 1.45114 1.54147 1.6224 1.69272 1.7537 1.80516 1.85102 1.89132 1.92645 1.95574 1.98164 2.0043 2.02383 2.03959 2.05399 2.06724 2.07939 2.09104 2.10124 2.10985 2.11713 2.12446 2.13141 2.13877 2.14625 2.15242 2.15827 2.1625 2.1657 2.16656 2.16606 2.16691 2.16646 2.16524 2.16578 2.16419 2.16237 2.16082 2.1587 2.15702 2.1575 2.15994 2.16354 
0.273794 0.546332 0.782028 0.989013 1.17013 1.32691 1.46777 1.5923 1.70421 1.80522 1.89501 1.97649 2.04812 2.11329 2.16988 2.22107 2.26558 2.3048 2.34038 2.37072 2.39528 2.4184 2.44029 2.45977 2.476 2.49261 2.50569 2.51789 2.53003 2.54102 2.55409 2.567 2.57754 2.58654 2.59229 2.59769 2.60063 2.60069 2.60213 2.60233 2.60017 2.59842 2.59479 2.59211 2.59037 2.58952 2.58859 2.58924 2.5914 2.5942 
0.272121 0.546819 0.790538 1.00926 1.20356 1.37604 1.53395 1.67562 1.80403 1.92144 2.02705 2.12597 2.21421 2.29632 2.36895 2.43716 2.49908 2.55462 2.60511 2.64888 2.68691 2.72238 2.75446 2.78262 2.80721 2.831 2.8519 2.8712 2.89083 2.91094 2.93195 2.95161 2.96881 2.98163 2.98994 2.99604 3.00037 3.00178 3.00273 3.00214 2.99879 2.99448 2.98916 2.98628 2.98617 2.98746 2.98977 2.99373 2.99755 3.00092 
0.267833 0.541211 0.787967 1.01126 1.212 1.39301 1.56005 1.71168 1.84999 1.97973 2.09964 2.21198 2.31399 2.40859 2.49324 2.57288 2.64712 2.71423 2.77578 2.83087 2.87898 2.92479 2.96574 3.00285 3.0372 3.07011 3.10024 3.12825 3.1568 3.18452 3.2122 3.23805 3.25921 3.27614 3.28884 3.29878 3.30766 3.31719 3.32466 3.32861 3.32943 3.33006 3.3284 3.33033 3.33297 3.33612 3.3402 3.34622 3.34985 3.35346 
