7 8 10 12 14 16 18 20 22 24 26 28 
<<<<<<< HEAD
0.0165629 0.0331258 0.0496887 0.0662516 0.0828145 0.0993774 0.11594 0.132503 0.149066 0.165629 0.182192 0.198755 0.215318 0.231881 0.248444 0.265007 0.281569 0.298132 0.314695 0.331258 0.347821 0.364384 0.380947 0.39751 0.414073 0.430636 0.447198 0.463761 0.480324 0.496887 0.51345 0.530013 0.546576 0.563139 0.579702 0.596265 0.612828 0.62939 0.645953 0.662516 0.679079 0.695642 0.712205 0.728768 0.745331 0.761894 0.778457 0.79502 0.811582 0.828145 
0.0608019 0.0783464 0.0829725 0.0849112 0.085432 0.0853336 0.0858147 0.0859948 0.085993 0.0859993 0.0858248 0.0860988 0.0862135 0.08598 0.0859827 0.0859121 0.0859978 0.0862333 0.0864231 0.0863111 0.0862239 0.0860593 0.0862094 0.0863651 0.086258 0.0861786 0.0862886 0.0864207 0.0862659 0.0860545 0.0862151 0.0863854 0.0864319 0.0864069 0.0863684 0.0864894 0.0863192 0.0863107 0.0863125 0.086346 0.0865154 0.0865586 0.0864941 0.0865247 0.0865446 0.0864651 0.0864748 0.086527 0.0865344 0.0865541 
0.101514 0.140601 0.154448 0.16024 0.162393 0.162697 0.16362 0.163489 0.163715 0.16379 0.163712 0.163885 0.164339 0.164125 0.164373 0.164065 0.164378 0.16466 0.164885 0.165102 0.164978 0.164306 0.16423 0.164859 0.165273 0.164936 0.164734 0.164728 0.16452 0.164486 0.164707 0.164816 0.164464 0.164462 0.164578 0.164858 0.164975 0.164989 0.164862 0.165132 0.165085 0.165113 0.164996 0.165324 0.165405 0.165107 0.164879 0.165016 0.16513 0.165367 
0.181586 0.282889 0.334459 0.361078 0.374908 0.380443 0.384714 0.386567 0.387798 0.388357 0.389092 0.389066 0.389648 0.389737 0.39101 0.391224 0.391433 0.391007 0.391617 0.392237 0.392804 0.392805 0.392577 0.392295 0.393288 0.393478 0.393045 0.392595 0.392542 0.393029 0.393384 0.393096 0.392799 0.392248 0.392216 0.392216 0.392881 0.393883 0.393838 0.39369 0.393479 0.393694 0.394151 0.394203 0.394175 0.394148 0.393656 0.394177 0.394544 0.394208 
0.228598 0.383734 0.480162 0.539455 0.5759 0.597506 0.611952 0.621882 0.628094 0.632266 0.635008 0.636569 0.637242 0.639303 0.641168 0.642036 0.642269 0.642308 0.64282 0.643727 0.645979 0.646529 0.64628 0.644581 0.643965 0.644039 0.64396 0.644177 0.643798 0.64518 0.644432 0.643973 0.642617 0.641446 0.641337 0.641669 0.642298 0.643002 0.643472 0.643307 0.64286 0.643501 0.644456 0.644681 0.644309 0.644608 0.644523 0.645456 0.646263 0.647402 
0.266777 0.472732 0.617614 0.718201 0.788634 0.839141 0.87606 0.902956 0.921018 0.934339 0.942892 0.948584 0.952676 0.957275 0.960014 0.96282 0.964451 0.966243 0.968501 0.970359 0.972317 0.971986 0.970536 0.969452 0.968958 0.968619 0.968705 0.970085 0.970735 0.973128 0.973723 0.974178 0.973809 0.973258 0.972642 0.971212 0.970947 0.971702 0.971389 0.970386 0.970511 0.971756 0.97295 0.972179 0.971752 0.97063 0.97101 0.972274 0.973277 0.974365 
0.309462 0.56943 0.766946 0.913746 1.02649 1.11421 1.18049 1.23106 1.27156 1.30415 1.32747 1.34582 1.35918 1.37058 1.37976 1.38689 1.39187 1.39768 1.40442 1.4085 1.41184 1.41318 1.4116 1.40953 1.40884 1.40799 1.40826 1.40986 1.41122 1.4131 1.41308 1.4121 1.41078 1.40974 1.40882 1.40767 1.40714 1.40862 1.40929 1.4085 1.40893 1.41091 1.41159 1.41031 1.41046 1.40958 1.40943 1.41068 1.41217 1.41435 
0.348859 0.656905 0.904455 1.09742 1.25367 1.38163 1.4837 1.56554 1.63575 1.69596 1.74192 1.77856 1.8061 1.82949 1.84902 1.86397 1.87602 1.88862 1.9014 1.9117 1.91998 1.92588 1.92985 1.93211 1.93536 1.93644 1.9365 1.93629 1.93585 1.93591 1.93555 1.93599 1.93579 1.9374 1.9387 1.94052 1.94104 1.94399 1.94515 1.94675 1.94842 1.95084 1.95233 1.95186 1.95379 1.95314 1.95223 1.95316 1.95464 1.95738 
0.38089 0.733221 1.02752 1.26789 1.47166 1.64674 1.7918 1.91413 2.02086 2.11199 2.18632 2.2499 2.30207 2.34703 2.38651 2.42013 2.44876 2.47391 2.49607 2.51511 2.53114 2.54308 2.55368 2.56301 2.57245 2.5799 2.58483 2.58651 2.58817 2.59063 2.59274 2.59413 2.59389 2.59527 2.59615 2.59573 2.59289 2.59342 2.59345 2.59727 2.59992 2.60118 2.6026 2.60307 2.6053 2.60714 2.60838 2.61136 2.61439 2.61782 
0.402133 0.785054 1.11642 1.39757 1.63945 1.85096 2.0336 2.19285 2.33338 2.45416 2.55789 2.64855 2.72925 2.80137 2.86601 2.92326 2.97371 3.01671 3.0561 3.09094 3.12059 3.14521 3.16682 3.18635 3.2051 3.21909 3.23015 3.23778 3.24134 3.24768 3.25393 3.25791 3.26035 3.26277 3.26549 3.26691 3.26605 3.26585 3.26841 3.27226 3.27401 3.27658 3.27733 3.27665 3.27494 3.27489 3.27816 3.28165 3.28526 3.28837 
0.410458 0.81045 1.16706 1.477 1.74792 1.98883 2.19972 2.38359 2.54804 2.69146 2.81815 2.93188 3.03639 3.13235 3.21815 3.29431 3.36177 3.42079 3.47456 3.52532 3.57104 3.60981 3.64697 3.67964 3.71153 3.73835 3.76281 3.78379 3.79918 3.81504 3.83014 3.83959 3.8475 3.85352 3.85873 3.86354 3.86677 3.87062 3.8768 3.88093 3.88155 3.88358 3.88501 3.88364 3.88142 3.87832 3.8808 3.88535 3.89024 3.89419 
0.407753 0.810356 1.17463 1.49651 1.78428 2.04529 2.2766 2.48118 2.66811 2.83111 2.97886 3.11448 3.2381 3.35398 3.45947 3.55522 3.64337 3.72351 3.79283 3.85738 3.91792 3.9718 4.02413 4.0698 4.11381 4.15438 4.19343 4.22729 4.25459 4.27917 4.30095 4.31779 4.33377 4.34366 4.35279 4.35827 4.36496 4.37176 4.38018 4.3859 4.38836 4.39246 4.39642 4.39998 4.40288 4.40326 4.40737 4.41315 4.42015 4.42626 
0.399159 0.79874 1.16281 1.48952 1.78617 2.05918 2.30665 2.52837 2.73538 2.92167 3.09253 3.2494 3.39607 3.53473 3.6629 3.78073 3.89118 3.9947 4.08538 4.16916 4.24864 4.31867 4.38435 4.44251 4.49873 4.55208 4.6005 4.64352 4.67852 4.71001 4.73862 4.76393 4.7859 4.80046 4.81487 4.82523 4.8357 4.84538 4.85677 4.8653 4.86973 4.87725 4.8855 4.89259 4.89729 4.89827 4.90133 4.90634 4.91244 4.91896 
=======
0.0166667 0.0333333 0.05 0.0666667 0.0833333 0.1 0.116667 0.133333 0.15 0.166667 0.183333 0.2 0.216667 0.233333 0.25 0.266667 0.283333 0.3 0.316667 0.333333 0.35 0.366667 0.383333 0.4 0.416667 0.433333 0.45 0.466667 0.483333 0.5 0.516667 0.533333 0.55 0.566667 0.583333 0.6 0.616667 0.633333 0.65 0.666667 0.683333 0.7 0.716667 0.733333 0.75 0.766667 0.783333 0.8 0.816667 0.833333 
0.000439829 0.00058323 0.000642183 0.000665577 0.000680418 0.000687766 0.000694414 0.000699847 0.000695308 0.000694143 0.000698832 0.000702697 0.000704607 0.000704018 0.000706213 0.00070814 0.000704866 0.000703822 0.00071037 0.000712462 0.000714047 0.000715462 0.000718475 0.000721555 0.000722209 0.000722296 0.000719566 0.000716961 0.000713769 0.000711761 0.000713901 0.000711832 0.000713871 0.000713923 0.000711906 0.000712501 0.000713752 0.000711064 0.000708449 0.000712572 0.000713507 0.000717366 0.000718695 0.000723688 0.000726861 0.000724171 0.000726593 0.000724872 0.000723259 0.000722534 
0.000439257 0.000613326 0.00069509 0.000734629 0.000765401 0.000782213 0.000792173 0.000799391 0.000796023 0.000798615 0.000809957 0.000814768 0.000810734 0.000811493 0.00082264 0.000830923 0.000829098 0.000824265 0.000828849 0.000832019 0.000833034 0.000835375 0.000845469 0.000851451 0.000854 0.000851007 0.000844192 0.000840019 0.000837996 0.000836276 0.000837133 0.000833802 0.000834301 0.000834909 0.000835779 0.000837096 0.000833412 0.00083344 0.000830897 0.000833613 0.000838482 0.000840838 0.000837743 0.000847229 0.00085223 0.000851805 0.000854504 0.000853436 0.000853522 0.000853015 
0.000579575 0.0009022 0.00110625 0.00123726 0.00132649 0.0013865 0.00142963 0.00145739 0.00147143 0.00148223 0.0014912 0.00149702 0.00149211 0.00148052 0.00149157 0.00150572 0.00150785 0.00150366 0.00150878 0.00150831 0.00150748 0.00151144 0.00152116 0.00152533 0.00153023 0.00152799 0.00152715 0.00152639 0.00152576 0.00152926 0.00153108 0.00152617 0.0015261 0.00152592 0.00152597 0.00151846 0.00151531 0.00151298 0.00150424 0.0014964 0.00149381 0.00149317 0.00149228 0.00149949 0.00150447 0.00151429 0.00151725 0.00151842 0.00152334 0.00152544 
0.000703448 0.00117638 0.00152358 0.00177445 0.00195632 0.00209188 0.00219456 0.00226515 0.00231875 0.00235586 0.00238057 0.00241126 0.0024253 0.00242456 0.00243297 0.00245275 0.00246847 0.0024823 0.00249408 0.00249925 0.00251398 0.00252439 0.002533 0.00253256 0.00252262 0.0025172 0.00253112 0.00252826 0.00251989 0.00251577 0.00252237 0.00252988 0.00253618 0.0025399 0.00254637 0.00253334 0.00253104 0.00253478 0.00253839 0.00253991 0.00254267 0.00253694 0.00253447 0.00253329 0.00254023 0.00254637 0.00254339 0.00254552 0.00254095 0.0025305 
0.00087467 0.00154873 0.00208781 0.00253168 0.00288992 0.00317162 0.00340775 0.00358595 0.00372032 0.00381964 0.00389527 0.00398459 0.00404927 0.00407865 0.00411242 0.00415458 0.00419475 0.00423148 0.00424695 0.00425927 0.00428006 0.0043133 0.00434058 0.00434683 0.00434709 0.00434088 0.00436809 0.00438439 0.00438286 0.00437099 0.00435527 0.00434689 0.00436038 0.00436452 0.00435765 0.00434431 0.00435728 0.00437107 0.00439191 0.00441226 0.0044402 0.00447231 0.00448506 0.00449132 0.00451124 0.00451954 0.00451137 0.00450215 0.0044874 0.00448033 
0.00115949 0.00214768 0.00295866 0.00364167 0.00423159 0.0047395 0.00518347 0.00555854 0.00586873 0.00613705 0.00637163 0.00658483 0.0067485 0.00686731 0.00698634 0.00711329 0.00722091 0.00731254 0.00735687 0.00738795 0.00743083 0.00748315 0.00752071 0.00754298 0.00756079 0.00757139 0.00759024 0.00759058 0.00755505 0.00748675 0.0074315 0.00740849 0.00741431 0.00740913 0.0074009 0.00739336 0.00739779 0.00741676 0.00743916 0.00746793 0.0075123 0.00755347 0.00757502 0.0075846 0.00761698 0.00765282 0.00768358 0.00770633 0.00771354 0.00771547 
0.0012348 0.00231969 0.00324774 0.00405749 0.00476932 0.00539016 0.00591951 0.00637931 0.00677369 0.00711546 0.00742754 0.00768824 0.00789015 0.00805822 0.00823348 0.0083885 0.00852906 0.00866651 0.00876311 0.00885237 0.00895686 0.00906485 0.00916604 0.00925114 0.00933369 0.00941685 0.00950087 0.00955577 0.00958691 0.00957097 0.00955147 0.00955356 0.00956986 0.00958287 0.0095843 0.00958887 0.00960261 0.00962902 0.00965318 0.00967428 0.00971568 0.00976517 0.00978218 0.00979421 0.00982691 0.00985916 0.00990393 0.00995685 0.00999039 0.00999575 
0.00129298 0.00244307 0.0034646 0.00437967 0.00519142 0.00591168 0.00653808 0.00707644 0.00755163 0.00798114 0.00837909 0.00874447 0.00907683 0.00936273 0.00963186 0.009867 0.0100856 0.0103017 0.0104621 0.0106083 0.0107728 0.0109246 0.0110664 0.0111889 0.0113169 0.0114534 0.0115822 0.0116807 0.0117856 0.0118554 0.0119022 0.0119567 0.0120205 0.0120827 0.0121195 0.0121584 0.0122079 0.0122808 0.012341 0.0123835 0.0124326 0.0124833 0.0124995 0.0125081 0.0125433 0.012567 0.0126205 0.0126783 0.0127139 0.0127356 
0.00143667 0.00276764 0.00395921 0.0050304 0.00600125 0.00690034 0.00769661 0.00837657 0.00898737 0.00957304 0.0101138 0.0106519 0.0111681 0.0116367 0.0120441 0.0124239 0.0127897 0.0131592 0.0134467 0.013706 0.013969 0.0141864 0.0143978 0.0145955 0.0147971 0.0150014 0.0151728 0.0153311 0.0155107 0.0156483 0.015742 0.0158382 0.0159361 0.0160296 0.0160964 0.0161417 0.0161972 0.0162906 0.0163852 0.0164485 0.0164973 0.0165459 0.0165599 0.0165459 0.0165575 0.0165834 0.0166258 0.0166753 0.016697 0.0167357 
0.00174521 0.00340534 0.00490949 0.00628848 0.00754702 0.00874406 0.00980593 0.0107089 0.0115286 0.0123329 0.0130804 0.0138531 0.0145861 0.0152962 0.0158806 0.0163993 0.0169004 0.0174527 0.0178918 0.0183017 0.0187229 0.0190503 0.01939 0.0197046 0.0200382 0.0203756 0.0206457 0.0209222 0.0212252 0.0214554 0.0216211 0.021774 0.0219214 0.0220417 0.0221327 0.022194 0.0222827 0.0224186 0.0225557 0.0226517 0.0227391 0.0228251 0.0228648 0.0228669 0.0228694 0.0228963 0.0229227 0.0229739 0.0229866 0.0230263 
0.00243047 0.00478435 0.00696084 0.00901312 0.0109003 0.0127085 0.0143461 0.0157889 0.017102 0.0183873 0.0196051 0.0208631 0.0220369 0.0231916 0.0241167 0.0249057 0.0256638 0.0265319 0.0272934 0.0279933 0.0287249 0.0293003 0.02992 0.0305268 0.0311287 0.0317334 0.0322212 0.032705 0.0332269 0.0336296 0.0339286 0.0342111 0.034459 0.0346791 0.0348857 0.0350389 0.0351946 0.0354126 0.0356507 0.0358395 0.0360547 0.036251 0.0363658 0.036412 0.0364631 0.0365071 0.0365324 0.0365802 0.0365518 0.0365611 
0.00326211 0.00643026 0.00942102 0.0123075 0.0149953 0.0176009 0.0199945 0.022136 0.0240817 0.0259807 0.0277973 0.0296622 0.0314013 0.0331451 0.0346069 0.0358351 0.0370183 0.0383556 0.0395812 0.0406784 0.0418002 0.0427438 0.0437603 0.0447766 0.0457958 0.0467772 0.0475931 0.0483966 0.0492393 0.0499119 0.0504134 0.0508967 0.051271 0.0515956 0.0518998 0.0521529 0.052432 0.0527738 0.0531736 0.0535377 0.053927 0.0543171 0.0546075 0.0547694 0.0549467 0.0551307 0.055245 0.0553997 0.0554335 0.0554848 
>>>>>>> 62e055e55f99d69d07f483402b951e7c543bbdbf
