7 8 10 12 14 16 18 20 22 24 26 28 
0.0165629 0.0331258 0.0496887 0.0662516 0.0828145 0.0993774 0.11594 0.132503 0.149066 0.165629 0.182192 0.198755 0.215318 0.231881 0.248444 0.265007 0.281569 0.298132 0.314695 0.331258 0.347821 0.364384 0.380947 0.39751 0.414073 0.430636 0.447198 0.463761 0.480324 0.496887 0.51345 0.530013 0.546576 0.563139 0.579702 0.596265 0.612828 0.62939 0.645953 0.662516 0.679079 0.695642 0.712205 0.728768 0.745331 0.761894 0.778457 0.79502 0.811582 0.828145 
0.0389629 0.0496639 0.0526179 0.053491 0.0537266 0.0539652 0.0542027 0.0543716 0.0546502 0.0546502 0.0545768 0.0545242 0.0545465 0.054679 0.0545651 0.0545303 0.0547504 0.0548061 0.0549415 0.0548629 0.0548842 0.0549541 0.0550756 0.0549729 0.0548628 0.0548561 0.0549175 0.0549446 0.0550206 0.0549399 0.0549202 0.0549511 0.0551159 0.0551449 0.0550876 0.0549997 0.0550723 0.0551488 0.0551427 0.0550478 0.0550033 0.0549404 0.0550965 0.0552907 0.0552234 0.0551573 0.0551728 0.0551093 0.0550324 0.0552 
0.0663023 0.0916294 0.100138 0.103108 0.10462 0.105365 0.10565 0.106073 0.106678 0.106604 0.106113 0.106014 0.105941 0.106178 0.106529 0.106492 0.107109 0.10722 0.107499 0.107237 0.107202 0.107043 0.1073 0.107451 0.107552 0.107589 0.107584 0.107469 0.10728 0.107222 0.107372 0.107415 0.107499 0.107476 0.107423 0.107389 0.107453 0.107508 0.107552 0.107411 0.107455 0.107419 0.107633 0.10787 0.107733 0.107666 0.107843 0.107884 0.107847 0.108025 
0.118774 0.184225 0.216244 0.23083 0.239453 0.24413 0.247175 0.248742 0.249895 0.249124 0.24932 0.248742 0.249121 0.249282 0.25007 0.251317 0.252252 0.252038 0.251636 0.251264 0.251729 0.252506 0.252505 0.252904 0.25277 0.252856 0.252457 0.25202 0.252073 0.252383 0.252652 0.252648 0.252851 0.252834 0.253498 0.253811 0.253393 0.252788 0.253199 0.252764 0.252565 0.252315 0.252627 0.253511 0.253877 0.253762 0.25366 0.253296 0.253859 0.254501 
0.145311 0.243672 0.302935 0.336958 0.359158 0.374166 0.385551 0.39246 0.397244 0.398545 0.40082 0.401921 0.402874 0.40328 0.403155 0.402818 0.403641 0.403827 0.402961 0.402084 0.401637 0.401426 0.40055 0.400781 0.400342 0.401053 0.401406 0.401865 0.402041 0.402309 0.402468 0.402953 0.402939 0.403639 0.403712 0.403562 0.402522 0.401749 0.402165 0.402172 0.402806 0.403204 0.402975 0.403002 0.40321 0.403322 0.403647 0.403695 0.403332 0.403555 
0.165632 0.292926 0.380898 0.442131 0.485753 0.517578 0.541333 0.557064 0.567171 0.57374 0.579746 0.585648 0.589369 0.591812 0.593732 0.594693 0.595239 0.59634 0.596057 0.595377 0.594579 0.593892 0.592958 0.592736 0.593474 0.595365 0.596603 0.598044 0.598617 0.598864 0.598573 0.598318 0.597226 0.597907 0.597719 0.597514 0.597494 0.597273 0.597684 0.598325 0.598784 0.598971 0.598525 0.598029 0.597364 0.597294 0.597929 0.598248 0.597628 0.597769 
0.186208 0.342108 0.460359 0.551126 0.620447 0.675211 0.717712 0.749609 0.772506 0.789041 0.802262 0.813873 0.821001 0.82717 0.832624 0.836624 0.839607 0.84233 0.844808 0.846077 0.846489 0.846744 0.847471 0.849188 0.851067 0.85343 0.854762 0.856848 0.858299 0.859523 0.860491 0.860695 0.860277 0.859637 0.857401 0.856199 0.855918 0.855779 0.856098 0.856677 0.85658 0.856503 0.856893 0.856727 0.856488 0.85683 0.857618 0.858392 0.859316 0.860249 
0.198939 0.374671 0.515288 0.629321 0.72138 0.796213 0.856908 0.904647 0.941897 0.971442 0.995253 1.01638 1.03219 1.04608 1.05776 1.06666 1.07366 1.07944 1.0848 1.08708 1.08827 1.08891 1.09064 1.09295 1.09572 1.09784 1.09944 1.10171 1.10415 1.10586 1.10679 1.10656 1.10551 1.10475 1.10248 1.10083 1.10096 1.1018 1.1028 1.10427 1.10548 1.10578 1.1064 1.10723 1.10912 1.11014 1.1112 1.11199 1.1134 1.11509 
0.208419 0.400706 0.561758 0.698227 0.812389 0.907766 0.986944 1.05287 1.10737 1.15264 1.19097 1.22481 1.25085 1.27326 1.29217 1.30772 1.32019 1.33198 1.34287 1.35122 1.35702 1.36208 1.36559 1.36985 1.37436 1.37794 1.38073 1.38467 1.38812 1.3911 1.39394 1.39461 1.39318 1.39163 1.38821 1.38621 1.3863 1.38625 1.38637 1.3872 1.38811 1.38976 1.39253 1.39582 1.40008 1.4027 1.40466 1.40486 1.40532 1.40621 
0.21249 0.41587 0.591738 0.744712 0.877351 0.991154 1.08986 1.17421 1.2467 1.30901 1.36376 1.4108 1.44844 1.48223 1.51164 1.53667 1.5575 1.57792 1.59625 1.61067 1.62303 1.63324 1.64068 1.64729 1.65439 1.66193 1.66831 1.67599 1.6816 1.68517 1.68867 1.69048 1.68956 1.68835 1.68516 1.68455 1.68607 1.68772 1.68903 1.69074 1.69339 1.69624 1.70108 1.70611 1.71181 1.71552 1.71818 1.71841 1.71844 1.71951 
0.211244 0.419568 0.604081 0.767335 0.913182 1.04092 1.15462 1.25398 1.34123 1.41768 1.48654 1.54775 1.60004 1.64734 1.68936 1.72685 1.75806 1.78831 1.81656 1.83953 1.86089 1.87886 1.89313 1.90526 1.91597 1.92667 1.93326 1.941 1.94701 1.95048 1.95375 1.95641 1.95662 1.95554 1.95405 1.95389 1.95583 1.9594 1.96245 1.96547 1.96913 1.97282 1.9769 1.98192 1.9875 1.991 1.99238 1.99217 1.99321 1.99463 
0.208243 0.419558 0.611408 0.784766 0.94184 1.0804 1.20428 1.31459 1.41288 1.50132 1.58191 1.6559 1.72082 1.78093 1.83511 1.88472 1.9286 1.9705 2.00808 2.04131 2.07198 2.10052 2.12382 2.14375 2.16056 2.17579 2.18829 2.20048 2.21172 2.22055 2.23044 2.23804 2.24183 2.24331 2.24348 2.24459 2.24742 2.2523 2.25523 2.25792 2.26195 2.26635 2.27099 2.27892 2.28737 2.29358 2.29754 2.29956 2.30262 2.30621 
0.203299 0.411906 0.603298 0.778312 0.939148 1.08256 1.21271 1.33115 1.43827 1.5366 1.62701 1.7105 1.78413 1.85492 1.92013 1.98054 2.03566 2.08811 2.13567 2.17854 2.21646 2.25292 2.28293 2.30875 2.33135 2.35232 2.372 2.39104 2.40992 2.42545 2.44207 2.45595 2.46585 2.47442 2.4805 2.48521 2.49102 2.49732 2.50012 2.50182 2.50631 2.51019 2.51564 2.52447 2.53306 2.53845 2.54166 2.54444 2.54843 2.5536 
