7 8 10 12 14 16 18 20 22 24 26 28 
<<<<<<< HEAD
0.0165629 0.0331258 0.0496887 0.0662516 0.0828145 0.0993774 0.11594 0.132503 0.149066 0.165629 0.182192 0.198755 0.215318 0.231881 0.248444 0.265007 0.281569 0.298132 0.314695 0.331258 0.347821 0.364384 0.380947 0.39751 0.414073 0.430636 0.447198 0.463761 0.480324 0.496887 0.51345 0.530013 0.546576 0.563139 0.579702 0.596265 0.612828 0.62939 0.645953 0.662516 0.679079 0.695642 0.712205 0.728768 0.745331 0.761894 0.778457 0.79502 0.811582 0.828145 
0.035298 0.0456403 0.0481242 0.0490547 0.0494561 0.0497591 0.0498518 0.0500464 0.0500861 0.0501091 0.0501742 0.0499811 0.0500533 0.0501309 0.0502648 0.0501963 0.0502295 0.0502911 0.0503039 0.0504578 0.0504103 0.050582 0.0505487 0.0504857 0.0504117 0.0503814 0.0504818 0.050492 0.050576 0.0505626 0.0506352 0.0506151 0.0505671 0.0505123 0.0505343 0.0505874 0.0505106 0.0506003 0.0506601 0.0505716 0.0507041 0.0507142 0.0506652 0.0505905 0.050513 0.0505157 0.0505393 0.0505175 0.0505799 0.0505603 
0.0599311 0.0834799 0.090851 0.0937133 0.0949831 0.0959895 0.0963011 0.0965536 0.0963563 0.0962168 0.0961629 0.0957892 0.0959975 0.0960961 0.096482 0.0965072 0.0967394 0.0967328 0.0967854 0.0967619 0.096854 0.09694 0.0967868 0.096672 0.0966586 0.0967236 0.0968711 0.0971154 0.0969772 0.0970325 0.0971205 0.0971035 0.0972076 0.097042 0.0968451 0.0969475 0.0971737 0.0973241 0.0974812 0.0972052 0.0972373 0.097079 0.0970443 0.0969586 0.0969244 0.096989 0.0970025 0.0970303 0.0970311 0.0970652 
0.109213 0.170951 0.201091 0.215238 0.223542 0.227406 0.229031 0.229832 0.230021 0.230515 0.231481 0.231437 0.231972 0.232429 0.232833 0.232776 0.232673 0.232558 0.23319 0.23325 0.232465 0.232238 0.232199 0.232335 0.232072 0.231874 0.232581 0.233377 0.233684 0.233749 0.233749 0.233783 0.234071 0.233934 0.23369 0.233463 0.233586 0.233656 0.233503 0.233339 0.232949 0.233005 0.233206 0.233176 0.233533 0.233739 0.234296 0.233999 0.23399 0.233682 
0.143836 0.242097 0.301908 0.336794 0.359323 0.373448 0.382142 0.387947 0.391655 0.394283 0.397054 0.399351 0.400856 0.402644 0.403384 0.403411 0.402798 0.401664 0.401736 0.401668 0.401405 0.400596 0.399077 0.398261 0.398649 0.399696 0.40073 0.401848 0.402885 0.403513 0.403784 0.403822 0.404155 0.403641 0.403063 0.402139 0.401312 0.401089 0.401268 0.401829 0.402418 0.402381 0.402809 0.402925 0.40309 0.402127 0.402306 0.402312 0.402416 0.402563 
0.175608 0.312549 0.407039 0.470058 0.514857 0.547647 0.570637 0.58783 0.600861 0.61141 0.618637 0.624302 0.628041 0.631277 0.633329 0.634496 0.634949 0.634989 0.634922 0.635568 0.635485 0.635874 0.634361 0.632809 0.633371 0.634782 0.635834 0.636549 0.636447 0.636573 0.637022 0.637725 0.638333 0.637107 0.636946 0.635609 0.634717 0.634775 0.635049 0.634361 0.634473 0.634774 0.634891 0.634304 0.633153 0.63294 0.633181 0.634177 0.634374 0.635265 
0.204009 0.377703 0.508833 0.604687 0.678565 0.735095 0.777836 0.810201 0.835621 0.856824 0.872566 0.886356 0.897696 0.906673 0.912635 0.917186 0.921748 0.924722 0.927244 0.928524 0.929569 0.931553 0.93102 0.931266 0.932307 0.934691 0.938544 0.942778 0.943824 0.944262 0.944927 0.946178 0.947087 0.946725 0.947837 0.946695 0.945291 0.943991 0.944121 0.944246 0.944557 0.945533 0.945899 0.945625 0.943609 0.942316 0.94083 0.940482 0.940544 0.939789 
0.224195 0.425183 0.584181 0.707875 0.807948 0.888655 0.95224 1.00206 1.0418 1.07426 1.09963 1.123 1.14287 1.16103 1.17544 1.18696 1.19709 1.20334 1.20845 1.21163 1.21435 1.21704 1.218 1.21982 1.22201 1.22485 1.22933 1.23482 1.23772 1.23991 1.24369 1.24596 1.24833 1.24967 1.25243 1.2529 1.25287 1.25229 1.25345 1.25312 1.25234 1.25404 1.25524 1.25486 1.25332 1.2518 1.24976 1.24908 1.24899 1.24795 
0.236346 0.457522 0.641597 0.793106 0.919697 1.02458 1.1105 1.18151 1.23931 1.28964 1.33209 1.36982 1.40224 1.43096 1.45681 1.47848 1.49735 1.51138 1.52297 1.53144 1.53871 1.54621 1.55233 1.55902 1.56606 1.57192 1.57839 1.58447 1.58804 1.59085 1.59422 1.59678 1.59964 1.60096 1.60284 1.60167 1.60069 1.60044 1.60302 1.60449 1.60495 1.6062 1.60774 1.60857 1.6074 1.60698 1.6049 1.60303 1.60251 1.60132 
0.23951 0.470868 0.671638 0.843654 0.991898 1.11873 1.22689 1.32012 1.39909 1.46907 1.52925 1.58354 1.63152 1.67423 1.71355 1.74718 1.77598 1.80019 1.81941 1.83489 1.84922 1.8637 1.877 1.88977 1.9028 1.91322 1.92357 1.93259 1.93928 1.9443 1.94806 1.953 1.95776 1.96061 1.96323 1.96307 1.96316 1.96379 1.966 1.96779 1.96892 1.96899 1.96861 1.96773 1.9631 1.95907 1.95499 1.95157 1.94986 1.94766 
0.237028 0.470891 0.676973 0.857874 1.01797 1.15803 1.27995 1.38631 1.47816 1.56154 1.63633 1.7059 1.76762 1.82284 1.87409 1.91912 1.95817 1.9929 2.02146 2.04687 2.07109 2.09428 2.11486 2.13305 2.15172 2.16767 2.18467 2.20027 2.21345 2.22386 2.23282 2.24306 2.25204 2.25931 2.26566 2.27053 2.2742 2.278 2.28203 2.28367 2.28403 2.28425 2.28345 2.28097 2.27681 2.27309 2.27021 2.26854 2.26754 2.26746 
0.229934 0.461434 0.668 0.852097 1.01695 1.16288 1.29251 1.40746 1.50848 1.60165 1.68702 1.76779 1.84183 1.90822 1.96962 2.02546 2.07546 2.12142 2.16304 2.20196 2.23717 2.27019 2.3011 2.33001 2.35785 2.38339 2.4098 2.43277 2.45354 2.47094 2.48583 2.5008 2.51407 2.5246 2.53243 2.54057 2.54859 2.55667 2.56343 2.56953 2.57316 2.57534 2.57788 2.57803 2.57844 2.57847 2.57853 2.57776 2.57813 2.57873 
0.220319 0.444222 0.648292 0.832403 0.999081 1.14955 1.2855 1.40787 1.51606 1.61537 1.70649 1.79276 1.87277 1.9448 2.01181 2.07326 2.13073 2.18386 2.2341 2.28256 2.32663 2.3667 2.40596 2.44259 2.47729 2.50971 2.5423 2.57085 2.59673 2.61864 2.63773 2.65693 2.67389 2.68716 2.6964 2.70597 2.716 2.72557 2.73287 2.73999 2.74415 2.74708 2.7509 2.75162 2.75386 2.75575 2.75812 2.75903 2.76162 2.76439 
=======
0.0166667 0.0333333 0.05 0.0666667 0.0833333 0.1 0.116667 0.133333 0.15 0.166667 0.183333 0.2 0.216667 0.233333 0.25 0.266667 0.283333 0.3 0.316667 0.333333 0.35 0.366667 0.383333 0.4 0.416667 0.433333 0.45 0.466667 0.483333 0.5 0.516667 0.533333 0.55 0.566667 0.583333 0.6 0.616667 0.633333 0.65 0.666667 0.683333 0.7 0.716667 0.733333 0.75 0.766667 0.783333 0.8 0.816667 0.833333 
0.000137482 0.000154619 0.000160628 0.000162546 0.000163666 0.000163253 0.000163914 0.000163965 0.000164779 0.000165199 0.00016498 0.000164652 0.000164793 0.000164606 0.000165146 0.000166502 0.000166283 0.000166142 0.000166662 0.000166616 0.000166656 0.000166818 0.00016698 0.000166716 0.000167589 0.000167654 0.000167478 0.000167052 0.000166695 0.00016701 0.000167679 0.000167792 0.000168088 0.000167947 0.000167151 0.000167414 0.00016761 0.00016814 0.000168789 0.000168336 0.000168354 0.000168057 0.000168246 0.000168145 0.000168803 0.000168939 0.000168588 0.000168848 0.00016913 0.000169038 
0.000143926 0.000169563 0.000180465 0.000184628 0.000186456 0.000187283 0.000187404 0.000188244 0.000189243 0.000189352 0.000189757 0.000189908 0.000189673 0.00018985 0.000190252 0.00019149 0.000191021 0.00019197 0.000192528 0.000192677 0.00019311 0.000193339 0.000193085 0.000193201 0.00019377 0.000194395 0.000194159 0.000194039 0.000193759 0.000193963 0.000194423 0.000194368 0.000194884 0.000194746 0.000194336 0.000194904 0.000194775 0.000194712 0.000194926 0.000195461 0.00019568 0.000196104 0.000196381 0.000196253 0.000196401 0.000196329 0.00019604 0.000197136 0.000196867 0.000197405 
0.000145121 0.000183881 0.000207098 0.000218763 0.000226625 0.000230918 0.000233294 0.000234224 0.000236658 0.000237886 0.000239652 0.000241089 0.000241701 0.000242846 0.000243909 0.000244015 0.000243522 0.000244103 0.000245113 0.000245734 0.000245379 0.000246388 0.000246129 0.000245751 0.000245546 0.000246557 0.000247107 0.000247179 0.000247957 0.000247599 0.000247625 0.000246804 0.000246478 0.000246563 0.000247255 0.000247335 0.000247646 0.000246762 0.00024721 0.000248298 0.000248661 0.00024863 0.000249249 0.000248841 0.000248478 0.000248384 0.000248496 0.000249098 0.000249572 0.000249444 
0.000133033 0.000172362 0.000200331 0.000217021 0.000230997 0.000239293 0.000244695 0.000248905 0.000252761 0.000255968 0.000259667 0.000262923 0.000263883 0.00026468 0.000266696 0.000267776 0.000268162 0.000269138 0.000270737 0.00027243 0.000272653 0.000274248 0.00027421 0.000275493 0.000275744 0.00027691 0.000277428 0.00027799 0.000277758 0.000276866 0.000276655 0.000275847 0.00027518 0.000276021 0.000277718 0.000278079 0.000278046 0.000277803 0.000278834 0.000279904 0.000281039 0.000281232 0.00028106 0.000281449 0.000282348 0.000283604 0.000284324 0.000284695 0.000284869 0.000284998 
0.000140546 0.000192073 0.00023432 0.000266812 0.000293874 0.000313356 0.00032746 0.000337961 0.000346918 0.000353862 0.000362414 0.000368831 0.000374755 0.000380133 0.000385519 0.000391466 0.000395775 0.000399076 0.000402803 0.000406687 0.000409327 0.000411878 0.00041276 0.000415699 0.000418512 0.00042061 0.000421856 0.000424358 0.000423856 0.000423058 0.000422888 0.000421839 0.000421351 0.000421897 0.000422923 0.000422907 0.000423218 0.000422877 0.00042313 0.000423908 0.000425023 0.000425514 0.000426158 0.000427656 0.000429292 0.000431506 0.000433334 0.000433483 0.000434379 0.000435031 
0.000201937 0.000320546 0.000424835 0.000507492 0.000577239 0.000630397 0.000673225 0.000709138 0.000741543 0.00076831 0.00079946 0.000824836 0.00084541 0.000860894 0.000874319 0.000886427 0.00089587 0.00090167 0.000910492 0.000923675 0.000932906 0.000941246 0.000948133 0.00095387 0.000957872 0.000960901 0.000961872 0.000966938 0.000966735 0.000965706 0.000964676 0.000963673 0.000962925 0.000964925 0.00096778 0.000972377 0.000976339 0.000979178 0.000980708 0.000981151 0.000983978 0.000986728 0.000989084 0.000991663 0.000993841 0.000993528 0.000992993 0.000990725 0.000991777 0.000992686 
0.000279783 0.000483146 0.000669196 0.000823609 0.000960008 0.00106147 0.0011507 0.00122613 0.00129707 0.00135353 0.00141352 0.00146136 0.00150002 0.00153377 0.00156423 0.00159347 0.00161577 0.00162852 0.00164186 0.00166139 0.00167772 0.00170002 0.00171865 0.00173265 0.00174232 0.00175047 0.00175389 0.00176283 0.00176457 0.00176687 0.00176751 0.0017686 0.00176966 0.00177258 0.00177623 0.00178483 0.0017923 0.00179696 0.00179798 0.00179395 0.0017939 0.00179553 0.00179905 0.00180224 0.00180881 0.00181121 0.00181478 0.00181042 0.00181612 0.00181868 
0.000378211 0.000679946 0.000965321 0.00121637 0.0014438 0.00163219 0.00180115 0.00195011 0.00208162 0.00218705 0.00228701 0.00236829 0.00244011 0.00250767 0.00257322 0.00263605 0.00268955 0.00272994 0.00276718 0.00280354 0.0028403 0.0028751 0.00290553 0.00292812 0.00294976 0.00296924 0.00298074 0.00299637 0.00300548 0.00301951 0.00303661 0.00305044 0.00305725 0.00306455 0.0030715 0.00307756 0.00308267 0.00309187 0.00309971 0.00310034 0.00310355 0.00310911 0.00312177 0.00313333 0.00315128 0.00316978 0.00318874 0.0032014 0.00322238 0.00324103 
0.000450166 0.000824365 0.00117613 0.00149976 0.00179893 0.00206173 0.00229512 0.00250794 0.00269514 0.00285399 0.00300027 0.00313123 0.00326046 0.00338013 0.00348953 0.00359769 0.0036959 0.00378174 0.00386612 0.00394499 0.00402002 0.0040824 0.00413841 0.00418862 0.00423954 0.00428961 0.00432769 0.00436781 0.00439867 0.00443685 0.00447723 0.0045106 0.00453207 0.0045573 0.00457881 0.00459442 0.00460864 0.00462997 0.00465246 0.00466667 0.0046836 0.00469971 0.00472277 0.00474191 0.00476517 0.00478872 0.0048123 0.00483423 0.00486274 0.0048889 
0.000464281 0.000857115 0.00122389 0.00156844 0.0018901 0.00217167 0.00241924 0.00265099 0.00286016 0.00304578 0.00321848 0.0033823 0.00354782 0.00370351 0.00384637 0.0039864 0.00411604 0.0042368 0.00435759 0.0044767 0.00458265 0.00467658 0.00476262 0.00483891 0.00491531 0.00498824 0.00504979 0.00511119 0.00516388 0.00522275 0.0052803 0.00532951 0.00537281 0.00541998 0.00545974 0.00549392 0.00552731 0.00556429 0.00560232 0.0056351 0.00566474 0.00569024 0.00571449 0.00573216 0.00575203 0.0057663 0.00578265 0.00580207 0.00582606 0.00584748 
0.000408696 0.000751265 0.00107769 0.00138613 0.00167647 0.00192872 0.00214455 0.00234758 0.00254133 0.0027185 0.00288847 0.00304899 0.00320622 0.00335046 0.00348799 0.00362029 0.0037474 0.0038731 0.00399573 0.00411863 0.00423004 0.0043301 0.00442262 0.00449817 0.00457414 0.00464255 0.00470454 0.00476636 0.00482344 0.00488558 0.00494495 0.00499983 0.00505136 0.00509952 0.00514413 0.00518678 0.00522694 0.00526565 0.00530084 0.00533495 0.00536197 0.005385 0.00540881 0.00542663 0.00544825 0.00546599 0.00548773 0.00551472 0.00554592 0.00557457 
0.000365109 0.000667827 0.000961411 0.00123967 0.00150437 0.00173722 0.00193704 0.00212185 0.00231295 0.00249432 0.00267058 0.00283796 0.00299792 0.00314264 0.00328185 0.00341459 0.00354429 0.00367335 0.00379527 0.003915 0.00403063 0.0041321 0.00422268 0.00429503 0.00436996 0.00443772 0.00450089 0.00456183 0.00462136 0.00468231 0.00474162 0.00480023 0.00485976 0.00491164 0.00496588 0.00501727 0.00506301 0.0051031 0.0051379 0.00517378 0.0052071 0.00523154 0.00526371 0.00529363 0.00533236 0.00536857 0.00540721 0.00544654 0.00548993 0.00553441 
>>>>>>> 62e055e55f99d69d07f483402b951e7c543bbdbf
