7 8 10 12 14 16 18 20 22 24 26 28 
<<<<<<< HEAD
0.0165629 0.0331258 0.0496887 0.0662516 0.0828145 0.0993774 0.11594 0.132503 0.149066 0.165629 0.182192 0.198755 0.215318 0.231881 0.248444 0.265007 0.281569 0.298132 0.314695 0.331258 0.347821 0.364384 0.380947 0.39751 0.414073 0.430636 0.447198 0.463761 0.480324 0.496887 0.51345 0.530013 0.546576 0.563139 0.579702 0.596265 0.612828 0.62939 0.645953 0.662516 0.679079 0.695642 0.712205 0.728768 0.745331 0.761894 0.778457 0.79502 0.811582 0.828145 
0.0336787 0.0429535 0.0454247 0.0461888 0.0464869 0.0466589 0.0467017 0.0469352 0.0471518 0.0469099 0.0471281 0.04721 0.0473467 0.0471666 0.0471995 0.0471284 0.0472451 0.0474074 0.0474966 0.047378 0.0474962 0.0475458 0.0475598 0.0474649 0.0474373 0.0474964 0.0473691 0.047346 0.0474254 0.0474831 0.0475282 0.0474769 0.0475641 0.0474919 0.0474964 0.0475879 0.0476143 0.0476149 0.0476178 0.0476645 0.0476466 0.0475773 0.0475997 0.0475977 0.0476554 0.0476597 0.0476762 0.0477153 0.0477814 0.0478443 
0.0558253 0.0767278 0.0838307 0.0862412 0.0875282 0.0878994 0.0882948 0.088525 0.088736 0.0887317 0.0888394 0.0891918 0.0893605 0.089093 0.0888493 0.0889575 0.0890917 0.0892327 0.0891543 0.089005 0.0890751 0.0893765 0.0892962 0.0889902 0.0891021 0.0892433 0.0893138 0.0892901 0.0893578 0.0894116 0.0894933 0.0895757 0.0896254 0.0895796 0.0893413 0.0894808 0.0897421 0.0897364 0.089887 0.089796 0.0899036 0.0897639 0.0898255 0.0897222 0.0897162 0.0898257 0.0898571 0.0898228 0.0900431 0.0900182 
0.10325 0.159786 0.187907 0.201326 0.20862 0.211726 0.213106 0.213897 0.214266 0.215036 0.215498 0.216703 0.21702 0.217264 0.216904 0.217052 0.217287 0.217518 0.217515 0.217365 0.217315 0.216982 0.217062 0.217294 0.217524 0.217577 0.21804 0.218247 0.21841 0.218891 0.219252 0.21891 0.219414 0.219776 0.219963 0.219957 0.219997 0.220316 0.220425 0.220625 0.220418 0.219667 0.219177 0.2193 0.219056 0.219137 0.219173 0.219303 0.219544 0.219265 
0.136214 0.227904 0.284121 0.317587 0.338874 0.350572 0.35822 0.363501 0.36772 0.370161 0.372028 0.373732 0.37454 0.37522 0.374872 0.375226 0.375034 0.375588 0.375734 0.375716 0.375803 0.375871 0.375651 0.37569 0.375749 0.375442 0.374816 0.375294 0.376075 0.376579 0.376812 0.376849 0.376832 0.377283 0.37832 0.378543 0.378458 0.377932 0.37724 0.377364 0.377429 0.377303 0.377165 0.37744 0.378308 0.378583 0.378789 0.37911 0.378916 0.378767 
0.167368 0.296614 0.387693 0.4508 0.495182 0.525392 0.546839 0.563434 0.576375 0.585603 0.591825 0.596293 0.598785 0.601508 0.602173 0.601953 0.60163 0.601905 0.601838 0.600651 0.59876 0.598152 0.597095 0.596274 0.595424 0.59515 0.596041 0.597859 0.599497 0.601169 0.601454 0.602316 0.603248 0.605133 0.606097 0.606874 0.607202 0.606309 0.605165 0.604701 0.604481 0.603533 0.602936 0.60356 0.60421 0.604049 0.603719 0.603376 0.602805 0.602537 
0.199289 0.366002 0.495681 0.59475 0.670701 0.728481 0.772555 0.808454 0.836595 0.858575 0.875134 0.887671 0.896578 0.903137 0.907322 0.910174 0.911659 0.912623 0.912265 0.912668 0.912106 0.91248 0.912217 0.912239 0.912364 0.912758 0.912631 0.912005 0.912242 0.913679 0.914003 0.914556 0.915795 0.917709 0.91784 0.918026 0.918696 0.918328 0.917885 0.917103 0.915906 0.914039 0.912215 0.911123 0.910539 0.909583 0.910479 0.910291 0.910012 0.908872 
0.221153 0.415565 0.574526 0.704246 0.808933 0.893617 0.962058 1.01959 1.06646 1.10501 1.1348 1.15879 1.17909 1.19544 1.2073 1.21611 1.22213 1.22563 1.22728 1.23118 1.23323 1.23527 1.23653 1.23735 1.23793 1.23832 1.23765 1.23532 1.23408 1.23358 1.23395 1.23438 1.23488 1.23679 1.23779 1.23901 1.24122 1.24282 1.24365 1.24383 1.24443 1.24227 1.23984 1.23861 1.23792 1.2369 1.23718 1.23629 1.23491 1.2333 
0.234444 0.449247 0.633015 0.788383 0.918017 1.02731 1.11861 1.19687 1.26388 1.3202 1.36698 1.40691 1.44312 1.4716 1.49228 1.50762 1.51957 1.52941 1.53738 1.5466 1.55251 1.55727 1.56109 1.56346 1.56595 1.56828 1.56887 1.56761 1.56749 1.56752 1.56935 1.57229 1.57416 1.5782 1.58164 1.58532 1.5887 1.59208 1.59461 1.59531 1.59751 1.59601 1.59422 1.59404 1.59359 1.59346 1.5947 1.59581 1.59579 1.5954 
0.238921 0.464737 0.663887 0.836288 0.984337 1.11251 1.22333 1.32044 1.40655 1.48327 1.54931 1.60818 1.66237 1.70709 1.74331 1.77278 1.79701 1.81804 1.83658 1.85502 1.87056 1.88145 1.88988 1.89621 1.9025 1.90765 1.91156 1.91307 1.91524 1.9168 1.91968 1.92413 1.92804 1.93358 1.93885 1.94416 1.94865 1.95343 1.95669 1.95849 1.96101 1.96116 1.9611 1.96026 1.95816 1.95651 1.95599 1.95699 1.95749 1.95778 
0.236156 0.466372 0.675072 0.858638 1.01926 1.16118 1.28823 1.40093 1.50162 1.59278 1.67389 1.74769 1.81447 1.87207 1.91969 1.9619 1.99759 2.02924 2.05782 2.08456 2.10832 2.12745 2.14412 2.15793 2.17041 2.18028 2.1892 2.19549 2.20187 2.20631 2.21042 2.2164 2.22131 2.22672 2.23161 2.23748 2.24311 2.25062 2.25583 2.26018 2.26593 2.27043 2.27547 2.27766 2.27796 2.2773 2.27757 2.27911 2.27848 2.27931 
0.230218 0.460693 0.672963 0.861952 1.03036 1.18251 1.32188 1.4479 1.563 1.66771 1.76253 1.84917 1.9266 1.99623 2.05585 2.10897 2.15596 2.19945 2.23914 2.27637 2.30938 2.33838 2.36518 2.38806 2.40802 2.42431 2.43882 2.45063 2.46109 2.46869 2.4757 2.48535 2.49392 2.50269 2.51225 2.52287 2.53233 2.54174 2.54897 2.55373 2.55911 2.56524 2.57258 2.57768 2.57957 2.58072 2.58249 2.58409 2.58479 2.58572 
0.222758 0.449496 0.659637 0.84929 1.02069 1.1768 1.32153 1.4568 1.58094 1.69517 1.79879 1.89479 1.98133 2.06064 2.13128 2.19469 2.25166 2.30625 2.35651 2.40384 2.44584 2.4831 2.51766 2.54691 2.57454 2.59726 2.61889 2.63708 2.65412 2.66763 2.68056 2.69526 2.70994 2.72418 2.73856 2.75276 2.7649 2.77513 2.7841 2.79101 2.79812 2.80644 2.81516 2.82317 2.82716 2.82983 2.83327 2.83556 2.83717 2.83843 
=======
0.0166667 0.0333333 0.05 0.0666667 0.0833333 0.1 0.116667 0.133333 0.15 0.166667 0.183333 0.2 0.216667 0.233333 0.25 0.266667 0.283333 0.3 0.316667 0.333333 0.35 0.366667 0.383333 0.4 0.416667 0.433333 0.45 0.466667 0.483333 0.5 0.516667 0.533333 0.55 0.566667 0.583333 0.6 0.616667 0.633333 0.65 0.666667 0.683333 0.7 0.716667 0.733333 0.75 0.766667 0.783333 0.8 0.816667 0.833333 
0.000223431 0.000280147 0.000308671 0.000321851 0.000325536 0.00032751 0.000324394 0.000323421 0.00032696 0.00032938 0.000333973 0.000332308 0.000331866 0.000332845 0.000330653 0.000332215 0.000330894 0.000328684 0.000328287 0.000323809 0.000315798 0.000318331 0.000321448 0.000320869 0.000320139 0.000321436 0.000322153 0.000322068 0.000322408 0.000320858 0.00031981 0.000321895 0.000320508 0.000316774 0.000319135 0.000321269 0.000324304 0.000322707 0.000321351 0.000322439 0.000323535 0.000324553 0.000324275 0.000324222 0.000324005 0.00032303 0.000323146 0.000321486 0.000322389 0.000322037 
0.000223484 0.000296724 0.000338407 0.00036202 0.000370756 0.0003782 0.000375591 0.000373177 0.000374828 0.000378639 0.000385404 0.000385093 0.000381476 0.00038334 0.000379288 0.000376709 0.000374643 0.000369734 0.000365546 0.000360172 0.000351872 0.000353149 0.000355594 0.000358241 0.000357461 0.000355869 0.000355268 0.00035668 0.000357446 0.000354589 0.000354937 0.000354999 0.000356345 0.000354603 0.000352801 0.00035052 0.000349567 0.000348109 0.000345548 0.000345119 0.000344257 0.000344408 0.000345359 0.000345311 0.000343725 0.000340428 0.000340048 0.000338458 0.000337195 0.00033735 
0.000333847 0.000497654 0.00062675 0.000706955 0.000737439 0.000772654 0.000790409 0.000789331 0.000794793 0.000803054 0.000817145 0.00082479 0.000826734 0.000834322 0.000839099 0.000831448 0.000824611 0.00081132 0.000804213 0.000798415 0.000798835 0.000802816 0.000807907 0.000813122 0.000804713 0.000801519 0.000793118 0.000794004 0.000792222 0.000781364 0.000790378 0.000805851 0.000814631 0.000820512 0.000809274 0.000810225 0.000821892 0.000824721 0.000826407 0.00082189 0.000814366 0.000815093 0.000802965 0.000799874 0.000793652 0.000791763 0.000790773 0.000791928 0.000784344 0.000772553 
0.000411911 0.000646954 0.000830905 0.000934216 0.00101079 0.00108774 0.00113377 0.0011454 0.00117797 0.00120702 0.00122429 0.00122576 0.00123969 0.00126605 0.00127617 0.00127026 0.00127903 0.00129583 0.00130331 0.00129957 0.00129906 0.0013083 0.00130847 0.00131747 0.00129165 0.00129146 0.00129196 0.00130508 0.00130836 0.00129317 0.00129923 0.00131826 0.00132519 0.00133295 0.0013261 0.0013377 0.0013641 0.00137352 0.00138176 0.00138291 0.00138208 0.00139548 0.00138563 0.00139123 0.00138592 0.00137679 0.00137328 0.00137141 0.00136056 0.00134522 
0.000375915 0.00060925 0.000798187 0.00094517 0.00107032 0.00118798 0.00127346 0.00133545 0.00140692 0.00146437 0.00150259 0.0015273 0.00154515 0.00157108 0.00158746 0.00160404 0.00162712 0.00164855 0.00165952 0.00166134 0.00166822 0.00167146 0.00166607 0.00166558 0.00165083 0.00165159 0.00164215 0.0016423 0.00163782 0.00163157 0.00162758 0.00162035 0.00161204 0.00160548 0.00160125 0.00160792 0.00162034 0.00162472 0.00163497 0.00164278 0.00164125 0.00164553 0.00164587 0.00165538 0.00166101 0.00166792 0.00166895 0.00166288 0.00165637 0.00165081 
0.000461695 0.000796284 0.00109748 0.00137511 0.00158711 0.00178307 0.00194071 0.00204576 0.00215119 0.0022625 0.00235274 0.00244484 0.00251876 0.00257827 0.00262884 0.0026851 0.00272499 0.00275759 0.00278756 0.00280951 0.00283937 0.00284869 0.00285399 0.00286378 0.00286679 0.00287299 0.00286809 0.00286398 0.00285571 0.00282913 0.00279638 0.00275601 0.00272204 0.00268383 0.00265772 0.00263691 0.00262605 0.00261366 0.00260371 0.00259197 0.00257732 0.00256482 0.0025607 0.00256363 0.00256665 0.00256531 0.0025633 0.00255879 0.00256502 0.00257588 
0.000649444 0.00118711 0.00168189 0.00211897 0.00244279 0.0027435 0.00301137 0.00319238 0.00337213 0.0035741 0.00372594 0.00387529 0.00401455 0.0041147 0.00422182 0.00431555 0.00438881 0.00446355 0.00452774 0.00458008 0.00465064 0.00469334 0.00471928 0.00475995 0.00478009 0.00480536 0.00483543 0.00485504 0.00486771 0.00483516 0.00479232 0.00472786 0.00468384 0.00461384 0.00457472 0.00453187 0.00450163 0.00446973 0.00444411 0.0044125 0.00438135 0.0043611 0.00434396 0.00434017 0.00431982 0.00427776 0.00423608 0.00420545 0.00421566 0.00424527 
0.000983755 0.00185988 0.00266216 0.00334282 0.00386284 0.00436863 0.0048254 0.00516873 0.00553731 0.00591264 0.00618398 0.00642985 0.00667549 0.00688428 0.00710816 0.00729633 0.00748576 0.00768653 0.0078596 0.00800964 0.00819192 0.00833871 0.00843723 0.00855589 0.00862781 0.00872405 0.00881696 0.0088952 0.00896326 0.00894888 0.00891687 0.00883621 0.00880364 0.00872179 0.00869818 0.00867107 0.00864621 0.00860489 0.00857841 0.00853407 0.00849398 0.00846921 0.00843406 0.0084259 0.00837532 0.0082889 0.00819255 0.00811859 0.00811345 0.00814341 
0.00130711 0.00249105 0.00357804 0.00450611 0.0052289 0.00595363 0.00662019 0.00716627 0.00776858 0.00835511 0.00879634 0.00918729 0.00957315 0.00994137 0.0103005 0.010615 0.0109605 0.0113245 0.0116432 0.0119199 0.0122387 0.0125279 0.0127427 0.0129957 0.013165 0.0133891 0.013595 0.013777 0.0139431 0.0139949 0.0140282 0.0139769 0.0139957 0.0139721 0.0140173 0.014069 0.0140983 0.0141032 0.0141335 0.0141283 0.0141289 0.0141235 0.0141002 0.0141048 0.0140388 0.0139311 0.0137962 0.0137001 0.0136835 0.0137026 
0.00151656 0.00288846 0.00417802 0.00529792 0.00618261 0.00706989 0.00791167 0.00863371 0.00944002 0.0102098 0.010812 0.0113262 0.0118142 0.0123219 0.0127941 0.0132243 0.0136877 0.0141768 0.0146266 0.0150312 0.0154843 0.0158949 0.0162139 0.0165847 0.0168488 0.0171826 0.0174966 0.0177784 0.0180382 0.018164 0.0182559 0.018247 0.0183158 0.0183719 0.0184992 0.0186695 0.0188087 0.0189255 0.0190761 0.019181 0.0192887 0.019365 0.0194194 0.0195012 0.0194937 0.0194373 0.0193297 0.0192662 0.0192777 0.0193258 
0.00172487 0.0032836 0.00477695 0.00610208 0.00718221 0.00827083 0.0093112 0.0102464 0.0112957 0.0122878 0.0131073 0.0137869 0.0144255 0.0151323 0.0157867 0.0164057 0.0170407 0.0176867 0.0183023 0.0188621 0.0194606 0.0200005 0.0204196 0.0209121 0.0212895 0.0217521 0.0221897 0.022569 0.0229272 0.0231272 0.0232887 0.0233409 0.0234713 0.023621 0.0238315 0.0241137 0.0243907 0.024646 0.0249428 0.0251879 0.0254292 0.025623 0.0257868 0.0259547 0.0260424 0.0260972 0.0260742 0.0260841 0.026152 0.0262661 
0.00194097 0.00369273 0.00539984 0.00695822 0.0082823 0.00963572 0.0109159 0.0120949 0.0134039 0.0146437 0.0157088 0.016611 0.0174458 0.0183792 0.0192355 0.0200664 0.02088 0.0216808 0.0224603 0.0231669 0.0238862 0.0245348 0.025031 0.0256157 0.0260943 0.0266736 0.0272343 0.0277041 0.0281561 0.0284327 0.028674 0.0287955 0.02899 0.0292233 0.0295105 0.0298954 0.0302923 0.0306633 0.0310826 0.0314404 0.0318092 0.0321144 0.0323772 0.0326332 0.0328285 0.0330178 0.033115 0.0332308 0.0333929 0.0336095 
>>>>>>> 62e055e55f99d69d07f483402b951e7c543bbdbf
