7 8 10 12 14 16 18 20 22 24 26 28 
<<<<<<< HEAD
0.0165629 0.0331258 0.0496887 0.0662516 0.0828145 0.0993774 0.11594 0.132503 0.149066 0.165629 0.182192 0.198755 0.215318 0.231881 0.248444 0.265007 0.281569 0.298132 0.314695 0.331258 0.347821 0.364384 0.380947 0.39751 0.414073 0.430636 0.447198 0.463761 0.480324 0.496887 0.51345 0.530013 0.546576 0.563139 0.579702 0.596265 0.612828 0.62939 0.645953 0.662516 0.679079 0.695642 0.712205 0.728768 0.745331 0.761894 0.778457 0.79502 0.811582 0.828145 
0.0322639 0.0415095 0.044229 0.0450692 0.0454233 0.0456536 0.0457328 0.0458495 0.0457854 0.0459055 0.0460388 0.0457673 0.0459532 0.0462243 0.0459794 0.0458242 0.0458536 0.0460847 0.0461154 0.0461695 0.0460113 0.0460526 0.0459713 0.0458945 0.0458591 0.0458436 0.0459058 0.0458982 0.0459765 0.0460616 0.0460445 0.0458906 0.0458042 0.0458094 0.0459177 0.0459044 0.0458746 0.0458716 0.0458869 0.0459029 0.0458593 0.0458506 0.0459789 0.0458737 0.0458798 0.045911 0.0458714 0.0460201 0.0460008 0.045872 
0.0543249 0.075233 0.0824161 0.0850859 0.0860535 0.0867799 0.0870744 0.0873145 0.0873482 0.0874388 0.0875434 0.0872531 0.0876158 0.0877777 0.0875188 0.0873937 0.0873053 0.0876758 0.08777 0.0878422 0.087626 0.0874428 0.0873767 0.087273 0.0874868 0.0875956 0.0876946 0.0875175 0.087473 0.087496 0.0875313 0.087318 0.0871501 0.0873915 0.0875602 0.0875509 0.0875682 0.0876625 0.0875402 0.0872588 0.0871555 0.0872689 0.0875434 0.0875274 0.0874928 0.087535 0.0874371 0.0877075 0.0877596 0.0877883 
0.0984264 0.152718 0.179585 0.194311 0.201123 0.204981 0.207227 0.208093 0.20823 0.208733 0.209643 0.209983 0.210254 0.20999 0.210009 0.209942 0.21008 0.210622 0.210847 0.210862 0.211083 0.210264 0.209866 0.209653 0.210037 0.210027 0.210259 0.210209 0.210257 0.210301 0.21025 0.210219 0.210846 0.211182 0.211389 0.21164 0.211978 0.211825 0.211551 0.210752 0.211137 0.211421 0.211789 0.211703 0.21133 0.211167 0.211355 0.211347 0.211054 0.210961 
0.125351 0.211281 0.26459 0.298386 0.319009 0.331357 0.339962 0.344603 0.347285 0.350424 0.352577 0.353822 0.354355 0.353902 0.353604 0.353387 0.353386 0.353726 0.354337 0.355376 0.355818 0.355141 0.354571 0.354499 0.354744 0.354523 0.353989 0.353952 0.3542 0.354489 0.354483 0.355007 0.355417 0.356215 0.356984 0.357464 0.356856 0.355741 0.354585 0.354068 0.354238 0.354755 0.355062 0.354671 0.354832 0.354508 0.35465 0.354811 0.355712 0.356261 
0.148157 0.263937 0.345319 0.402998 0.444828 0.473217 0.494507 0.509657 0.518514 0.525452 0.529934 0.532954 0.534756 0.536437 0.537401 0.538089 0.538898 0.539874 0.540722 0.541271 0.542066 0.541522 0.541656 0.542429 0.542796 0.541588 0.540217 0.539813 0.540391 0.54172 0.542986 0.544293 0.545056 0.546312 0.547557 0.548427 0.547471 0.546034 0.545474 0.544906 0.544601 0.544245 0.544418 0.543834 0.543633 0.543366 0.543451 0.542784 0.54318 0.544023 
0.170607 0.315868 0.425271 0.509299 0.574913 0.623792 0.662244 0.692827 0.713671 0.728871 0.740652 0.749877 0.756664 0.763162 0.767546 0.770153 0.773291 0.775642 0.778015 0.779189 0.780234 0.780478 0.781163 0.782931 0.783443 0.782554 0.781708 0.781304 0.781435 0.782077 0.783615 0.784562 0.785876 0.786577 0.787229 0.787233 0.785888 0.784581 0.784158 0.783948 0.784242 0.784122 0.784505 0.784078 0.784984 0.785403 0.785996 0.785632 0.785322 0.786004 
0.187005 0.354152 0.487682 0.595279 0.682561 0.751827 0.809366 0.856864 0.893181 0.921326 0.943606 0.960689 0.974238 0.986973 0.996848 1.00321 1.0099 1.01484 1.01957 1.02263 1.02439 1.02532 1.02761 1.03119 1.03414 1.03605 1.03814 1.03977 1.0405 1.04202 1.0439 1.04518 1.04742 1.04798 1.04876 1.04884 1.04935 1.05028 1.05126 1.05209 1.05291 1.05293 1.05282 1.05259 1.05357 1.05374 1.05368 1.05321 1.05364 1.05352 
0.198648 0.382529 0.536882 0.666512 0.775409 0.865678 0.943079 1.009 1.06219 1.105 1.1408 1.16901 1.19324 1.21468 1.232 1.24352 1.257 1.26844 1.27955 1.28757 1.2944 1.30039 1.30706 1.31396 1.32071 1.32511 1.3284 1.3314 1.33362 1.33646 1.33898 1.34073 1.34315 1.34373 1.34405 1.34453 1.34542 1.34716 1.34917 1.35043 1.3527 1.35535 1.35708 1.35915 1.36045 1.36061 1.36022 1.35967 1.3584 1.35773 
0.204035 0.398217 0.567775 0.714846 0.841249 0.949593 1.04493 1.12725 1.19707 1.25588 1.30767 1.35032 1.38753 1.42015 1.44668 1.46607 1.48731 1.50627 1.52374 1.5367 1.54826 1.55902 1.56975 1.58081 1.59113 1.59951 1.60641 1.61265 1.61842 1.6243 1.62993 1.63477 1.63923 1.64203 1.64514 1.64927 1.65313 1.65772 1.66137 1.66372 1.66566 1.6686 1.6706 1.67261 1.67465 1.6751 1.67424 1.67298 1.671 1.6701 
0.205739 0.405151 0.584342 0.743432 0.881614 1.00353 1.11242 1.20761 1.29007 1.36116 1.42409 1.47832 1.52623 1.5691 1.60431 1.63342 1.66306 1.69002 1.71342 1.7325 1.74919 1.76481 1.78146 1.79786 1.81283 1.82644 1.83742 1.84801 1.85878 1.8689 1.87939 1.88878 1.89677 1.90394 1.911 1.91946 1.92734 1.93499 1.94109 1.94703 1.95266 1.95775 1.96053 1.96381 1.96636 1.96611 1.9642 1.96261 1.96114 1.96084 
0.201669 0.402518 0.585898 0.75097 0.895735 1.0254 1.14327 1.24889 1.34157 1.42242 1.4951 1.55996 1.61707 1.66881 1.71346 1.75101 1.78946 1.82486 1.85527 1.88196 1.90694 1.92903 1.95158 1.97276 1.99092 2.00725 2.02153 2.03615 2.05069 2.06282 2.07464 2.08677 2.09618 2.1045 2.11218 2.12108 2.1295 2.13808 2.14722 2.15767 2.17 2.18223 2.19072 2.19913 2.20558 2.20825 2.20911 2.21004 2.21044 2.21154 
0.195133 0.392638 0.575127 0.740189 0.887038 1.0205 1.14423 1.25609 1.35655 1.44727 1.5304 1.60564 1.67349 1.73404 1.78752 1.83363 1.87966 1.92111 1.95841 1.99129 2.02248 2.04941 2.07635 2.10194 2.12329 2.14356 2.16303 2.1819 2.20118 2.21715 2.2319 2.24691 2.25992 2.27168 2.28267 2.29568 2.30767 2.31986 2.33265 2.34756 2.36328 2.37915 2.39016 2.40093 2.4106 2.41695 2.42154 2.426 2.42956 2.43288 
=======
0.0166667 0.0333333 0.05 0.0666667 0.0833333 0.1 0.116667 0.133333 0.15 0.166667 0.183333 0.2 0.216667 0.233333 0.25 0.266667 0.283333 0.3 0.316667 0.333333 0.35 0.366667 0.383333 0.4 0.416667 0.433333 0.45 0.466667 0.483333 0.5 0.516667 0.533333 0.55 0.566667 0.583333 0.6 0.616667 0.633333 0.65 0.666667 0.683333 0.7 0.716667 0.733333 0.75 0.766667 0.783333 0.8 0.816667 0.833333 
0.000167509 0.00019954 0.000211037 0.000217758 0.000220529 0.000223218 0.000221749 0.000220794 0.000222288 0.000221329 0.000223404 0.000223273 0.000224354 0.00022503 0.000225216 0.000225925 0.000225235 0.000224541 0.000225291 0.00022565 0.000225884 0.000226385 0.000225157 0.000225658 0.00022662 0.000228384 0.000227734 0.00022665 0.000225882 0.000225758 0.000226701 0.000226691 0.000227245 0.000227377 0.000227851 0.000228392 0.000228022 0.000228622 0.000228988 0.000228159 0.000227246 0.000226292 0.000226728 0.000228589 0.000228826 0.000229984 0.00022935 0.000229917 0.000228991 0.000227653 
0.00016145 0.000196806 0.000212909 0.000221792 0.000225846 0.00022909 0.000228728 0.000228445 0.000230095 0.000228347 0.000228652 0.000229329 0.000230299 0.000230744 0.000230627 0.000231523 0.000232115 0.000232971 0.000234146 0.000234539 0.000234526 0.000235163 0.000234657 0.000234479 0.000233569 0.000234685 0.000235037 0.000235098 0.000234263 0.000234533 0.000236104 0.000236609 0.000236444 0.000236044 0.00023663 0.000236989 0.000235743 0.000235447 0.000235477 0.000235448 0.000235156 0.000234851 0.00023548 0.000236477 0.000236798 0.000237386 0.000237513 0.000236378 0.000236351 0.000236054 
0.000166925 0.000222464 0.000255508 0.000277048 0.000290835 0.000299123 0.000304174 0.00030744 0.000310248 0.000309477 0.000310919 0.000313061 0.000315331 0.000316571 0.00031693 0.000317657 0.00032032 0.000323091 0.000325707 0.000326052 0.000326142 0.000327524 0.000327692 0.000327685 0.000328428 0.000330111 0.000330564 0.000328629 0.000328252 0.000329024 0.000330423 0.00033182 0.000331921 0.000331254 0.000330318 0.000329516 0.000328006 0.000327765 0.000327821 0.000328524 0.00032873 0.000330318 0.000332148 0.000331591 0.000331776 0.00033167 0.00033203 0.000331698 0.000331996 0.000331418 
0.000175639 0.000248679 0.000299986 0.000337757 0.000364314 0.000383915 0.000399067 0.000410107 0.000418235 0.000422381 0.000428153 0.000435032 0.000441117 0.000446514 0.00044838 0.000450624 0.000454201 0.000456488 0.000458552 0.000460185 0.000460866 0.000463959 0.000464686 0.000465226 0.00046588 0.00046853 0.000469702 0.000466903 0.000466124 0.000467866 0.000470925 0.000473402 0.000474967 0.000474899 0.000473333 0.0004727 0.000473543 0.000474566 0.000474966 0.000474581 0.000475674 0.000476322 0.000477839 0.000478048 0.000477528 0.000478096 0.000479533 0.000480572 0.000481049 0.000480395 
0.00018775 0.000277436 0.000347603 0.000401591 0.000440512 0.000472245 0.000499375 0.000522189 0.000539894 0.000553636 0.000567889 0.000581049 0.000595211 0.00060721 0.000615767 0.000622851 0.000630726 0.0006379 0.000642719 0.000647548 0.000648154 0.000651718 0.000655314 0.000658035 0.000657964 0.000658438 0.000657842 0.000654054 0.0006545 0.000657021 0.000661327 0.0006658 0.000670779 0.000673693 0.00067451 0.000675575 0.000675881 0.000676606 0.000676021 0.00067726 0.000680045 0.000681874 0.000682858 0.000680562 0.000677717 0.000678987 0.000681097 0.000684031 0.000686421 0.000687488 
0.000354906 0.000605123 0.000812685 0.000987579 0.00112571 0.00124887 0.00136052 0.0014588 0.00154343 0.00161267 0.00167684 0.00174204 0.00180175 0.00184639 0.00188073 0.00191777 0.00195011 0.00199303 0.00202263 0.00204598 0.00205686 0.00206655 0.00207594 0.00208481 0.00209377 0.00210518 0.00211242 0.00211134 0.00212358 0.0021423 0.00215892 0.00218286 0.00220774 0.00222573 0.00224032 0.00225253 0.00226086 0.00226114 0.00226552 0.00226967 0.00228352 0.0022917 0.00229902 0.00230134 0.00230253 0.00230551 0.0023078 0.00231585 0.00231838 0.00232024 
0.000488883 0.000878702 0.0012192 0.00151854 0.00177204 0.00200038 0.00220291 0.0023874 0.00255554 0.00269701 0.0028265 0.00295365 0.00306471 0.00315613 0.0032364 0.00332088 0.00338213 0.00345734 0.00350529 0.00353542 0.00354861 0.00355437 0.00356478 0.00357901 0.00359575 0.00361129 0.00362185 0.00362969 0.00364816 0.00367395 0.00369315 0.00372809 0.00376706 0.00379501 0.00382702 0.00385247 0.00386587 0.00387083 0.00388611 0.00390616 0.00393292 0.00395484 0.00397891 0.00399844 0.00401491 0.0040263 0.00402816 0.00404069 0.00403924 0.00403745 
0.000407469 0.000730786 0.00103251 0.0013035 0.00154936 0.00177109 0.00196703 0.00214802 0.00231373 0.00245703 0.00258568 0.00270547 0.00280908 0.00290574 0.00299207 0.00307193 0.00312747 0.00317954 0.0032167 0.00323486 0.00323928 0.0032379 0.00324011 0.00325088 0.00326245 0.00327151 0.00327213 0.00327939 0.00328475 0.00329439 0.00330577 0.00333022 0.00335823 0.00338149 0.00341006 0.00343761 0.00345043 0.00346225 0.00347999 0.00350342 0.0035273 0.00354939 0.00356959 0.00358728 0.00359934 0.0036024 0.00359464 0.00359497 0.00358987 0.00358596 
0.000308327 0.000535954 0.000758823 0.000960287 0.00114867 0.00132156 0.00147892 0.00162013 0.00174616 0.00185934 0.00196238 0.00205527 0.00214094 0.00222073 0.00228857 0.00235263 0.00240416 0.00244911 0.00248805 0.00251524 0.00253545 0.00254945 0.00256468 0.00258416 0.00260228 0.00261418 0.00262067 0.00262684 0.00262985 0.00263472 0.00264615 0.0026624 0.00268181 0.0026999 0.00271479 0.00273084 0.00273939 0.00274583 0.00275425 0.00276245 0.00276749 0.00277282 0.00277354 0.00277524 0.00277734 0.00277538 0.0027698 0.00276507 0.00276223 0.00275692 
0.00028175 0.000484142 0.000679765 0.000861303 0.00103266 0.00119165 0.00134211 0.00147844 0.00160117 0.00171515 0.00182545 0.00193047 0.00203088 0.00212366 0.00220586 0.00228737 0.00235991 0.00243026 0.00249379 0.00254835 0.00259648 0.00263572 0.00267588 0.00271179 0.00274558 0.00277339 0.00279427 0.00281439 0.00283309 0.00285353 0.00287557 0.00289528 0.00291727 0.00294148 0.00295992 0.0029781 0.00299152 0.00299801 0.00300655 0.00301195 0.00301722 0.00302242 0.0030277 0.00303245 0.00303531 0.00303529 0.00303605 0.00303593 0.00303668 0.0030328 
0.000333599 0.000585735 0.000818658 0.00103715 0.00123552 0.00142249 0.00160353 0.00177503 0.00193725 0.00209157 0.0022442 0.00238756 0.00252307 0.00264865 0.00276411 0.00287513 0.00297622 0.0030787 0.00317402 0.00325861 0.00333266 0.00339612 0.00345986 0.00351435 0.00356739 0.00361849 0.0036614 0.00370317 0.00374745 0.00379152 0.00382935 0.00386637 0.00390533 0.00394733 0.0039838 0.00401616 0.00404431 0.00406612 0.00408846 0.0041063 0.00413301 0.00415678 0.004182 0.00420785 0.00422988 0.00424669 0.00426622 0.00428491 0.00430048 0.00431363 
0.000460697 0.000833195 0.00117555 0.0014984 0.00178196 0.00204482 0.00230192 0.00255048 0.00278725 0.00301674 0.00324709 0.00345787 0.0036551 0.00384047 0.00401073 0.00417604 0.00432967 0.00448473 0.00463258 0.00476936 0.00488596 0.00498544 0.00508426 0.00517162 0.00525799 0.00535298 0.00544099 0.00552628 0.00561834 0.00570995 0.0057873 0.00587027 0.00595111 0.00603631 0.00611919 0.00618457 0.00625122 0.00630502 0.00635894 0.00640529 0.00646363 0.00651774 0.00656728 0.00662027 0.00667304 0.00671617 0.00676268 0.00680748 0.00684226 0.00687412 
>>>>>>> 62e055e55f99d69d07f483402b951e7c543bbdbf
