7 8 10 12 14 16 18 20 22 24 26 28 
<<<<<<< HEAD
0.0165629 0.0331258 0.0496887 0.0662516 0.0828145 0.0993774 0.11594 0.132503 0.149066 0.165629 0.182192 0.198755 0.215318 0.231881 0.248444 0.265007 0.281569 0.298132 0.314695 0.331258 0.347821 0.364384 0.380947 0.39751 0.414073 0.430636 0.447198 0.463761 0.480324 0.496887 0.51345 0.530013 0.546576 0.563139 0.579702 0.596265 0.612828 0.62939 0.645953 0.662516 0.679079 0.695642 0.712205 0.728768 0.745331 0.761894 0.778457 0.79502 0.811582 0.828145 
0.0451014 0.0576063 0.0613662 0.0623286 0.0628495 0.0628438 0.0628356 0.0630103 0.0631708 0.0633065 0.063495 0.0635031 0.0634956 0.0633159 0.0633892 0.0636734 0.0637945 0.0637939 0.0636075 0.0636491 0.0635901 0.0636882 0.063791 0.0638854 0.0636288 0.063658 0.0636127 0.0636462 0.0636327 0.0635982 0.0637232 0.0637972 0.0638842 0.0637312 0.0635966 0.0637779 0.0638156 0.0636898 0.0636807 0.0637982 0.063726 0.0636911 0.0637932 0.0638399 0.0637889 0.0637415 0.0637426 0.063883 0.0640345 0.0638174 
0.07596 0.1049 0.115165 0.118748 0.120578 0.121437 0.121231 0.121338 0.121622 0.121874 0.122056 0.121914 0.121879 0.121875 0.122086 0.122754 0.123001 0.123174 0.122522 0.122573 0.122777 0.122605 0.122372 0.122937 0.122694 0.122452 0.122195 0.122135 0.122146 0.121996 0.121951 0.122159 0.122535 0.122504 0.122496 0.122546 0.122508 0.12265 0.122668 0.122804 0.122567 0.122685 0.122974 0.122924 0.123066 0.122864 0.122907 0.123117 0.123152 0.122794 
0.130976 0.204026 0.240019 0.258624 0.268498 0.274272 0.276538 0.278351 0.279151 0.279634 0.280186 0.280464 0.281008 0.280538 0.280772 0.281128 0.281653 0.282069 0.281541 0.28147 0.281687 0.281057 0.280531 0.280561 0.280514 0.280456 0.280827 0.280093 0.280245 0.280016 0.279891 0.280376 0.280099 0.279925 0.28044 0.280741 0.281105 0.280889 0.280216 0.280109 0.280066 0.280043 0.280611 0.280826 0.281101 0.281496 0.281823 0.281967 0.281489 0.280793 
0.159211 0.266733 0.332014 0.373182 0.398672 0.41441 0.42341 0.430413 0.435811 0.440259 0.443381 0.445767 0.447498 0.447005 0.446531 0.445986 0.446608 0.446506 0.446338 0.446809 0.447306 0.447669 0.447689 0.448047 0.44921 0.449675 0.450329 0.449453 0.449528 0.44821 0.447672 0.447757 0.447946 0.448255 0.447613 0.448232 0.448019 0.447585 0.446992 0.446829 0.447096 0.447309 0.447501 0.447264 0.447957 0.448667 0.449985 0.450616 0.450177 0.449499 
0.187602 0.331056 0.430943 0.501891 0.552032 0.58646 0.609799 0.625758 0.638866 0.649277 0.657908 0.664192 0.669161 0.671748 0.674342 0.674302 0.675008 0.674178 0.673435 0.67231 0.671651 0.671652 0.672041 0.67252 0.67413 0.675641 0.676241 0.676256 0.676276 0.676492 0.676095 0.676266 0.676348 0.676237 0.675904 0.676888 0.676573 0.676946 0.677636 0.678312 0.678713 0.679138 0.679103 0.678399 0.677723 0.67692 0.677674 0.678406 0.678399 0.678572 
0.222918 0.407405 0.548687 0.657734 0.743449 0.807698 0.855716 0.891551 0.91856 0.940297 0.959111 0.972882 0.98369 0.991217 0.999225 1.00434 1.00902 1.0113 1.01335 1.01366 1.0129 1.01345 1.01433 1.01493 1.0161 1.01662 1.01708 1.01768 1.0184 1.01927 1.01935 1.01943 1.02042 1.0213 1.02225 1.0233 1.02406 1.02488 1.02547 1.02724 1.02819 1.02851 1.0271 1.02514 1.02293 1.02093 1.02036 1.02159 1.02243 1.02238 
0.250193 0.467196 0.643465 0.786446 0.904839 0.998136 1.07295 1.13205 1.17938 1.21936 1.25537 1.28347 1.30653 1.32288 1.33926 1.35034 1.36047 1.36692 1.37196 1.37514 1.37735 1.38037 1.38394 1.38602 1.38842 1.38871 1.38875 1.3899 1.39183 1.39441 1.39604 1.39727 1.39978 1.40181 1.40298 1.40396 1.40467 1.40576 1.40681 1.4084 1.40828 1.40846 1.40641 1.4059 1.40519 1.4044 1.40539 1.40821 1.41055 1.41043 
0.26883 0.512791 0.721258 0.898247 1.05023 1.17724 1.2831 1.37085 1.44542 1.50938 1.56502 1.60936 1.64823 1.67805 1.70541 1.72597 1.74444 1.76076 1.77481 1.78641 1.79522 1.80181 1.81028 1.81618 1.82119 1.82322 1.82434 1.82662 1.82963 1.83157 1.83316 1.83471 1.8377 1.84046 1.84339 1.84518 1.84802 1.85168 1.85386 1.85517 1.85456 1.85525 1.85402 1.85301 1.85137 1.84869 1.84813 1.84778 1.84718 1.84658 
0.274693 0.533517 0.761105 0.959677 1.13369 1.28555 1.4163 1.52892 1.62762 1.71536 1.79098 1.85432 1.91057 1.95716 1.99653 2.02821 2.05673 2.08374 2.10772 2.12806 2.14187 2.15397 2.1671 2.17831 2.18879 2.19535 2.19992 2.2049 2.21053 2.21522 2.21868 2.22172 2.22571 2.2301 2.23302 2.23549 2.23948 2.24613 2.25162 2.25723 2.25943 2.26295 2.26417 2.26304 2.26216 2.25872 2.25715 2.25587 2.25447 2.25353 
0.272071 0.532519 0.768176 0.976035 1.16098 1.32696 1.47485 1.60602 1.72337 1.82814 1.91987 1.99963 2.07121 2.13127 2.18334 2.22819 2.26878 2.30507 2.33827 2.36708 2.38945 2.41131 2.43245 2.45103 2.46726 2.47887 2.48893 2.49816 2.50726 2.51694 2.52469 2.53082 2.53845 2.54755 2.55375 2.55946 2.56691 2.57762 2.58786 2.59764 2.60361 2.61039 2.61521 2.61701 2.61956 2.61801 2.61744 2.61453 2.6125 2.61058 
0.260962 0.516092 0.750653 0.960829 1.15021 1.32207 1.47758 1.61912 1.7471 1.86312 1.96806 2.06018 2.14497 2.21626 2.28114 2.34017 2.39184 2.43776 2.48026 2.51735 2.54998 2.58127 2.61186 2.6395 2.66406 2.68247 2.70004 2.71623 2.73184 2.74861 2.76362 2.77668 2.7902 2.8033 2.81419 2.82476 2.83746 2.85135 2.86463 2.87685 2.88431 2.89278 2.90038 2.90526 2.91013 2.91022 2.91031 2.9091 2.90908 2.9088 
0.246956 0.49229 0.721192 0.928268 1.1166 1.28821 1.44476 1.58845 1.72066 1.84391 1.95674 2.0577 2.15138 2.23313 2.30923 2.37966 2.44185 2.49772 2.54729 2.59116 2.63167 2.67093 2.70833 2.74245 2.7745 2.80098 2.82583 2.84781 2.86937 2.89241 2.91415 2.93463 2.95454 2.97151 2.98653 3.00073 3.01627 3.03153 3.04648 3.06103 3.06974 3.08156 3.09255 3.10185 3.11186 3.11821 3.12353 3.12876 3.13403 3.13846 
=======
0.0166667 0.0333333 0.05 0.0666667 0.0833333 0.1 0.116667 0.133333 0.15 0.166667 0.183333 0.2 0.216667 0.233333 0.25 0.266667 0.283333 0.3 0.316667 0.333333 0.35 0.366667 0.383333 0.4 0.416667 0.433333 0.45 0.466667 0.483333 0.5 0.516667 0.533333 0.55 0.566667 0.583333 0.6 0.616667 0.633333 0.65 0.666667 0.683333 0.7 0.716667 0.733333 0.75 0.766667 0.783333 0.8 0.816667 0.833333 
0.0005707 0.00078654 0.000902115 0.000949226 0.000987655 0.00101391 0.00101734 0.00104191 0.00103474 0.00104591 0.00102704 0.00102232 0.00101224 0.000999057 0.00101099 0.00102535 0.00103333 0.00102514 0.00102674 0.00103643 0.0010437 0.00105065 0.00102135 0.0010355 0.00103844 0.0010274 0.00104905 0.0010635 0.00108009 0.00107306 0.00108736 0.00107906 0.00107929 0.00107588 0.00107879 0.00109707 0.00108813 0.00108607 0.00108299 0.00107856 0.00108921 0.00109236 0.00109653 0.00110235 0.00109746 0.00109021 0.00109734 0.00109907 0.00109593 0.00110021 
0.00118697 0.00178821 0.00214806 0.0023368 0.00246645 0.0025429 0.0025814 0.00264213 0.00262312 0.00265003 0.00261362 0.00261837 0.00261133 0.00258131 0.00258392 0.00260922 0.00262471 0.00261179 0.00261878 0.00264926 0.00267044 0.00271261 0.00266269 0.00268041 0.00266719 0.00264299 0.00267982 0.00274436 0.00277865 0.00276275 0.00279768 0.00279645 0.00280791 0.00280338 0.00280165 0.00280753 0.00280625 0.00280682 0.00280854 0.00281361 0.00283293 0.0028419 0.00284049 0.00285199 0.00284812 0.00283977 0.00282798 0.00282945 0.00278976 0.00277653 
0.00156621 0.00259115 0.00331401 0.00379008 0.00409643 0.00425259 0.00434249 0.00442408 0.00445487 0.0045647 0.00460861 0.00468209 0.0047407 0.00470156 0.00464258 0.00463995 0.00468646 0.00471245 0.00475813 0.0048415 0.00492419 0.0049926 0.00500278 0.00500112 0.00498407 0.00496998 0.00498653 0.00505988 0.00505614 0.00503424 0.00506485 0.00509417 0.00513767 0.00514324 0.00512605 0.00511765 0.00509931 0.0051019 0.00513313 0.00515753 0.00514785 0.00513418 0.00514368 0.00510505 0.00510357 0.00514449 0.00514026 0.00516963 0.00514857 0.00511971 
0.00121423 0.00211787 0.00279766 0.00330264 0.00364703 0.00382382 0.00390683 0.00402249 0.00415946 0.00434642 0.00451788 0.00466884 0.0047763 0.00474563 0.00469929 0.00470247 0.00474398 0.00477851 0.00484415 0.00492686 0.00502304 0.00507163 0.00510295 0.00510612 0.0051143 0.00509357 0.00509538 0.00512894 0.00513423 0.0051282 0.00513147 0.00513321 0.00512177 0.0051236 0.00513145 0.00517142 0.00520113 0.00524325 0.00529108 0.00531922 0.00530836 0.00526893 0.00524989 0.00523637 0.00521484 0.00523397 0.00523872 0.00525651 0.00522172 0.00519488 
0.0012186 0.00221927 0.00298964 0.00358409 0.0040517 0.00437542 0.00463614 0.00490443 0.00513301 0.00535267 0.0055749 0.00578695 0.00590072 0.00594698 0.00598499 0.00603671 0.00606352 0.00606798 0.00611675 0.0061768 0.00625698 0.00630863 0.00633066 0.00637503 0.00643547 0.00647451 0.0065207 0.00658451 0.00662593 0.0066409 0.00664969 0.00664687 0.00662038 0.00659779 0.00658551 0.00661385 0.00666882 0.00672817 0.00678973 0.00682859 0.00683611 0.006839 0.00683931 0.00685581 0.00685366 0.00684912 0.00683371 0.00682625 0.00677672 0.00672082 
0.00157445 0.00296724 0.00407055 0.00493363 0.00567959 0.0062941 0.00685949 0.00739743 0.00778313 0.00810546 0.00843077 0.0087686 0.00894205 0.00908439 0.00921366 0.0093366 0.00938265 0.00941058 0.00950603 0.00960816 0.00973713 0.00984587 0.0099073 0.0100389 0.0102045 0.0103544 0.0105067 0.0106409 0.0107332 0.0107696 0.0108041 0.0108467 0.0108745 0.0108884 0.010874 0.010887 0.0109621 0.0110656 0.0111494 0.0112226 0.0112921 0.0113524 0.0113883 0.011421 0.0114395 0.011456 0.0114687 0.0114954 0.0114931 0.0114703 
0.00175293 0.00334885 0.00465232 0.00569568 0.006641 0.00748048 0.00825922 0.00899747 0.00954079 0.0100002 0.0104506 0.0109239 0.0112167 0.0114644 0.0116779 0.0118798 0.0119988 0.0121108 0.0122982 0.0125041 0.0127374 0.0129562 0.0131034 0.0133091 0.013549 0.0137774 0.0140247 0.0142285 0.0143845 0.0144662 0.0145258 0.0146248 0.0147196 0.014773 0.0147785 0.0147947 0.0148716 0.0149987 0.0150928 0.0151809 0.0152912 0.0153886 0.0154503 0.0155096 0.0155633 0.0156422 0.0157223 0.0158083 0.0158646 0.0159072 
0.00171145 0.00328975 0.00462159 0.00570591 0.00672446 0.00765834 0.00853213 0.00935644 0.00998406 0.0105348 0.0110705 0.0116374 0.0120351 0.012374 0.0126561 0.0129218 0.0131186 0.0133165 0.0135874 0.0138951 0.0142378 0.0145666 0.01481 0.015082 0.0153806 0.0156785 0.0160138 0.0163066 0.01657 0.016748 0.0168733 0.0170433 0.0172162 0.0173299 0.017393 0.0174479 0.0175424 0.0176802 0.017773 0.0178704 0.0180066 0.018133 0.0182096 0.0183049 0.0183972 0.0185312 0.01867 0.0188041 0.0189016 0.0190009 
0.00160574 0.00309836 0.00440248 0.00548406 0.00652091 0.00747089 0.00836072 0.00920465 0.00987817 0.0104791 0.0110626 0.0116944 0.0121719 0.0125834 0.0129249 0.013266 0.0135521 0.0138254 0.0141609 0.0145317 0.0149463 0.0153464 0.0156766 0.0160037 0.0163491 0.0166997 0.017107 0.0174861 0.0178503 0.0181316 0.0183461 0.018609 0.0188669 0.0190683 0.0192334 0.0193754 0.0195379 0.0197235 0.0198727 0.0200195 0.0201941 0.0203733 0.0204922 0.0206396 0.0207617 0.0209307 0.0211104 0.0212548 0.0213668 0.0214748 
0.00155834 0.00303031 0.00435139 0.00546279 0.00653328 0.00751137 0.00842527 0.00929197 0.0100177 0.0106787 0.0113231 0.012017 0.0125682 0.0130538 0.0134696 0.0138795 0.0142364 0.0145676 0.0149607 0.0153953 0.0158527 0.0162914 0.0166708 0.0170496 0.0174616 0.0178824 0.0183488 0.0187963 0.0192429 0.0196168 0.0199131 0.0202501 0.020558 0.0208212 0.0210749 0.0212975 0.0215322 0.0217799 0.0220083 0.0222295 0.0224721 0.0227139 0.0228859 0.0230869 0.0232422 0.0234459 0.0236629 0.0238366 0.0239844 0.0241167 
0.00157614 0.00309069 0.00445842 0.00562418 0.00675024 0.0077935 0.00876869 0.00971879 0.0105498 0.0113177 0.0120639 0.0128581 0.0135197 0.014104 0.0146265 0.0151345 0.0155958 0.0160286 0.0165111 0.0170346 0.0175671 0.0180786 0.0185406 0.0190144 0.0195183 0.0200238 0.020557 0.0210862 0.0216294 0.0220934 0.0224815 0.0228944 0.0232735 0.0236175 0.0239577 0.0242609 0.0245554 0.0248498 0.0251366 0.0254162 0.025725 0.0260126 0.0262386 0.0264939 0.0266982 0.0269416 0.0271996 0.027407 0.0275938 0.0277573 
0.00161282 0.00316653 0.00456425 0.00578103 0.00696825 0.00807988 0.00910993 0.0101128 0.0110202 0.011855 0.0126748 0.0135553 0.01431 0.0149828 0.0156029 0.0162095 0.0167736 0.017303 0.0178863 0.0184936 0.0191061 0.0196959 0.0202437 0.0207951 0.0213684 0.0219449 0.0225559 0.0231663 0.0238014 0.0243522 0.0248286 0.0253165 0.0257655 0.0261748 0.0265925 0.0269727 0.0273337 0.0276907 0.0280354 0.0283737 0.028734 0.0290748 0.0293448 0.0296354 0.0298706 0.0301352 0.0304104 0.0306317 0.0308494 0.0310443 
>>>>>>> 62e055e55f99d69d07f483402b951e7c543bbdbf
