7 8 10 12 14 16 18 20 22 24 26 28 
0.0165629 0.0331258 0.0496887 0.0662516 0.0828145 0.0993774 0.11594 0.132503 0.149066 0.165629 0.182192 0.198755 0.215318 0.231881 0.248444 0.265007 0.281569 0.298132 0.314695 0.331258 0.347821 0.364384 0.380947 0.39751 0.414073 0.430636 0.447198 0.463761 0.480324 0.496887 0.51345 0.530013 0.546576 0.563139 0.579702 0.596265 0.612828 0.62939 0.645953 0.662516 0.679079 0.695642 0.712205 0.728768 0.745331 0.761894 0.778457 0.79502 0.811582 0.828145 
0.0534141 0.0689672 0.0728081 0.0741235 0.0743658 0.0743251 0.0747451 0.0746737 0.0746854 0.0749709 0.0750304 0.0750553 0.0749405 0.0750492 0.0750407 0.0752036 0.0751006 0.0751619 0.0750585 0.0750059 0.0750292 0.0749476 0.0749998 0.0750051 0.0749017 0.0749004 0.075083 0.0750314 0.0748188 0.0750699 0.0750865 0.0750918 0.0749327 0.0749086 0.0749412 0.0749027 0.0750628 0.0750405 0.0749686 0.0750157 0.0749526 0.0750796 0.0749993 0.0749871 0.0749943 0.0749476 0.0747635 0.074695 0.0748824 0.0749702 
0.0880831 0.121991 0.133131 0.137714 0.139021 0.138811 0.139287 0.139523 0.13942 0.140041 0.14036 0.140599 0.140495 0.140353 0.140268 0.140357 0.14026 0.14052 0.140255 0.139795 0.13973 0.139638 0.139602 0.139704 0.139634 0.139823 0.140076 0.14015 0.14011 0.140374 0.140298 0.140447 0.140135 0.140048 0.139805 0.139682 0.139695 0.139766 0.139732 0.139805 0.139829 0.14015 0.139743 0.139661 0.139696 0.139602 0.13956 0.139421 0.139362 0.139648 
0.155252 0.24149 0.281977 0.303253 0.313655 0.318215 0.320208 0.32191 0.322197 0.322447 0.322854 0.323019 0.323334 0.323558 0.324216 0.324472 0.324756 0.325677 0.325747 0.32462 0.324258 0.324645 0.324734 0.324769 0.325009 0.324802 0.324677 0.324477 0.324004 0.324691 0.324596 0.325243 0.325139 0.325259 0.324554 0.324444 0.324962 0.325165 0.32529 0.324703 0.324984 0.324543 0.325009 0.325235 0.324789 0.32493 0.324651 0.324295 0.323669 0.323702 
0.190412 0.319762 0.397767 0.447596 0.47858 0.498754 0.509099 0.517118 0.522047 0.526093 0.527828 0.528329 0.529358 0.530058 0.529738 0.529776 0.530502 0.53151 0.531847 0.530576 0.531023 0.531218 0.531552 0.531463 0.531456 0.531231 0.531069 0.531071 0.530393 0.531575 0.532179 0.533038 0.532615 0.532551 0.531591 0.531444 0.531313 0.531152 0.531977 0.531558 0.532214 0.532664 0.533239 0.532668 0.532607 0.531882 0.531651 0.532656 0.532334 0.531543 
0.221249 0.39284 0.512853 0.598198 0.657352 0.699668 0.729606 0.750723 0.765277 0.776222 0.783921 0.789352 0.794474 0.797226 0.798819 0.80093 0.802739 0.804024 0.805317 0.805764 0.806821 0.807998 0.808238 0.807208 0.80673 0.806365 0.806411 0.806149 0.806146 0.80763 0.807628 0.808923 0.807672 0.807229 0.805901 0.805636 0.805389 0.80587 0.806333 0.806262 0.808075 0.808903 0.80944 0.808843 0.808291 0.807095 0.806207 0.807697 0.807698 0.807998 
0.253735 0.466895 0.628571 0.752895 0.847844 0.920128 0.975427 1.01678 1.05025 1.07622 1.09651 1.11053 1.1241 1.13352 1.14125 1.14762 1.15304 1.15672 1.15965 1.16071 1.16326 1.16654 1.16925 1.17065 1.17219 1.17331 1.17387 1.17451 1.17545 1.17475 1.17341 1.17268 1.17185 1.17072 1.16964 1.16924 1.16922 1.16872 1.16731 1.16663 1.16797 1.16904 1.17029 1.17139 1.17177 1.17077 1.17172 1.17318 1.17363 1.17478 
0.278269 0.523249 0.717678 0.874646 1.00215 1.10555 1.18772 1.25344 1.30958 1.35514 1.39166 1.41927 1.44393 1.46262 1.47763 1.49097 1.50232 1.51198 1.52128 1.52993 1.53886 1.54693 1.55234 1.55449 1.55783 1.56141 1.56214 1.56252 1.56391 1.56392 1.56349 1.56387 1.56477 1.5653 1.56631 1.56626 1.56668 1.56767 1.56525 1.564 1.5641 1.5636 1.56348 1.56333 1.56192 1.56185 1.56212 1.56115 1.55897 1.55736 
0.29667 0.568461 0.793249 0.982792 1.14309 1.27946 1.39096 1.48266 1.56219 1.62861 1.68604 1.7331 1.77345 1.80687 1.83557 1.86162 1.88337 1.90013 1.91447 1.92859 1.94022 1.9534 1.9626 1.96911 1.9768 1.98336 1.98712 1.99065 1.99233 1.99237 1.99164 1.99308 1.99562 1.99723 1.99958 1.99948 1.99991 2.00285 2.00397 2.00427 2.00588 2.00654 2.00662 2.00592 2.00211 2.00001 1.99887 1.99625 1.99269 1.98751 
0.305974 0.595792 0.845464 1.0616 1.24699 1.40922 1.54636 1.66281 1.76457 1.85234 1.9308 1.99741 2.05461 2.10321 2.1459 2.18331 2.21454 2.23932 2.26027 2.28201 2.30158 2.3207 2.33744 2.35192 2.36588 2.37751 2.38535 2.39306 2.39978 2.40577 2.40868 2.41275 2.41649 2.41803 2.41989 2.41967 2.41943 2.42258 2.42749 2.43016 2.43529 2.43846 2.44124 2.44316 2.44209 2.44242 2.44388 2.44306 2.44217 2.43696 
0.30924 0.610245 0.876463 1.11166 1.31657 1.50062 1.66077 1.8006 1.92157 2.02876 2.12603 2.21189 2.28643 2.35038 2.40741 2.45725 2.49923 2.53439 2.56618 2.59856 2.62908 2.65872 2.68443 2.70747 2.72928 2.74808 2.7635 2.77837 2.79528 2.81207 2.82655 2.83882 2.84599 2.85273 2.86018 2.86536 2.8685 2.87207 2.87701 2.87916 2.88573 2.88777 2.89054 2.89228 2.89036 2.89054 2.88966 2.88781 2.88705 2.88288 
0.310207 0.620268 0.900145 1.15086 1.37422 1.57858 1.75963 1.91984 2.06154 2.1903 2.30737 2.41115 2.50389 2.58725 2.66456 2.73227 2.7918 2.84497 2.89539 2.94543 2.98909 3.03103 3.06663 3.09804 3.12895 3.15822 3.18494 3.20934 3.23476 3.25764 3.28041 3.30112 3.3151 3.32806 3.34041 3.3496 3.35773 3.3661 3.37484 3.38184 3.38938 3.39209 3.39672 3.39985 3.39836 3.39942 3.39906 3.39933 3.40179 3.40333 
0.30628 0.618896 0.904988 1.1639 1.39739 1.61258 1.8043 1.97577 2.13001 2.27139 2.40142 2.51815 2.62542 2.72332 2.81567 2.8968 2.96852 3.03419 3.09569 3.15535 3.20863 3.25942 3.30458 3.3458 3.38678 3.42665 3.46563 3.50135 3.53776 3.57132 3.60235 3.63184 3.65401 3.6748 3.69213 3.7051 3.72024 3.73465 3.74761 3.75804 3.76707 3.77306 3.77961 3.78503 3.78446 3.78609 3.7878 3.78914 3.79018 3.79195 
