7 8 10 12 14 16 18 20 22 24 26 28 
<<<<<<< HEAD
0.0165629 0.0331258 0.0496887 0.0662516 0.0828145 0.0993774 0.11594 0.132503 0.149066 0.165629 0.182192 0.198755 0.215318 0.231881 0.248444 0.265007 0.281569 0.298132 0.314695 0.331258 0.347821 0.364384 0.380947 0.39751 0.414073 0.430636 0.447198 0.463761 0.480324 0.496887 0.51345 0.530013 0.546576 0.563139 0.579702 0.596265 0.612828 0.62939 0.645953 0.662516 0.679079 0.695642 0.712205 0.728768 0.745331 0.761894 0.778457 0.79502 0.811582 0.828145 
0.0498469 0.0639869 0.0682726 0.0692292 0.0693993 0.0696164 0.0697792 0.0699015 0.0698452 0.0699365 0.0702838 0.0702347 0.0701862 0.0703117 0.0703991 0.0702426 0.0701703 0.0703354 0.0703792 0.0701886 0.0703603 0.0703987 0.0704331 0.0705562 0.0704893 0.0703722 0.0705078 0.0705037 0.0706798 0.0706185 0.0705247 0.0704546 0.0705528 0.0705258 0.0705099 0.0704629 0.0706338 0.0707373 0.0707961 0.0708025 0.0708589 0.0707753 0.0707432 0.070848 0.0708594 0.0707939 0.0707781 0.0707985 0.0708159 0.0706594 
0.0813749 0.112651 0.124486 0.128329 0.129454 0.130055 0.130203 0.130737 0.130375 0.130465 0.131018 0.131104 0.130875 0.131239 0.13142 0.131171 0.131198 0.131559 0.13143 0.131414 0.131743 0.131667 0.131637 0.131827 0.13166 0.131733 0.132002 0.132004 0.131963 0.131786 0.131837 0.13169 0.131663 0.131631 0.131742 0.131966 0.132007 0.132043 0.131719 0.131826 0.131781 0.131603 0.131728 0.132138 0.132212 0.132242 0.132083 0.131986 0.132129 0.131839 
0.146715 0.227908 0.269131 0.290164 0.301055 0.305646 0.307662 0.309658 0.310357 0.310142 0.310858 0.311288 0.311011 0.309998 0.310288 0.310966 0.311806 0.312437 0.313034 0.313055 0.312605 0.312875 0.312905 0.313217 0.313342 0.312714 0.313052 0.313537 0.313491 0.31293 0.312446 0.312335 0.312837 0.313379 0.313712 0.312936 0.312857 0.313502 0.313909 0.314282 0.313719 0.31317 0.312953 0.312739 0.313121 0.313109 0.312957 0.312642 0.313168 0.313264 
0.19253 0.324079 0.404526 0.453897 0.485151 0.503306 0.515003 0.522621 0.526854 0.528884 0.530966 0.532763 0.533248 0.532354 0.53214 0.532717 0.533991 0.534367 0.535776 0.53605 0.536511 0.537507 0.537091 0.537249 0.537148 0.537401 0.538056 0.538641 0.538232 0.538542 0.537553 0.537281 0.537424 0.537666 0.536921 0.536097 0.53688 0.537672 0.53734 0.537688 0.537976 0.538767 0.538992 0.538667 0.538945 0.538278 0.537519 0.537825 0.538234 0.538865 
0.225586 0.400732 0.523444 0.610447 0.671799 0.713455 0.744389 0.765882 0.779719 0.79003 0.798796 0.804736 0.80848 0.810006 0.80972 0.809907 0.810049 0.81017 0.811853 0.812393 0.8137 0.815325 0.815729 0.815509 0.81547 0.817404 0.819074 0.819888 0.820778 0.819857 0.81897 0.819075 0.81864 0.818587 0.818432 0.819221 0.819519 0.819872 0.818653 0.817591 0.817463 0.817798 0.819174 0.820836 0.822536 0.822607 0.821239 0.821668 0.820635 0.81933 
0.252558 0.467446 0.632455 0.760067 0.856301 0.928745 0.985456 1.02695 1.05818 1.08376 1.10395 1.12045 1.13293 1.1413 1.14641 1.14992 1.15238 1.1548 1.15775 1.15898 1.15988 1.1601 1.1598 1.16011 1.16125 1.16314 1.16611 1.16952 1.17312 1.1739 1.17403 1.17317 1.17163 1.17107 1.17135 1.17238 1.17273 1.17381 1.17354 1.17288 1.17286 1.1724 1.1728 1.17261 1.17213 1.17378 1.17469 1.17538 1.17422 1.17118 
0.269309 0.511392 0.706116 0.86337 0.987633 1.08717 1.16937 1.23471 1.28675 1.32981 1.36669 1.39725 1.41912 1.43667 1.44909 1.45906 1.46779 1.47512 1.4822 1.48869 1.49489 1.49829 1.50071 1.503 1.50311 1.50191 1.50345 1.50556 1.50782 1.50633 1.50627 1.5055 1.50473 1.50432 1.50301 1.50254 1.5026 1.50331 1.50247 1.50065 1.5002 1.50066 1.50062 1.50001 1.49945 1.50019 1.49987 1.49988 1.49928 1.49774 
0.280706 0.542566 0.76074 0.944214 1.09599 1.21958 1.32589 1.41537 1.49042 1.55695 1.61509 1.66451 1.70428 1.73828 1.7649 1.78795 1.80773 1.82298 1.83637 1.8499 1.86185 1.86974 1.87619 1.88107 1.88401 1.88643 1.89013 1.8939 1.89866 1.90052 1.90329 1.90553 1.90579 1.9072 1.90515 1.9053 1.90445 1.90266 1.89893 1.8947 1.8919 1.88995 1.88778 1.88593 1.88488 1.88429 1.88294 1.88157 1.87925 1.87777 
0.289322 0.56854 0.808734 1.01754 1.19533 1.34454 1.47704 1.59369 1.69467 1.78635 1.86915 1.94132 2.00452 2.05929 2.10557 2.1474 2.18485 2.21409 2.2384 2.2595 2.27656 2.29039 2.30152 2.311 2.31922 2.32648 2.33342 2.33968 2.3448 2.34806 2.35224 2.35632 2.35794 2.36121 2.36115 2.36147 2.36046 2.36063 2.35811 2.35791 2.3564 2.35465 2.35334 2.34986 2.34699 2.34489 2.34387 2.34255 2.34097 2.34089 
0.29334 0.582558 0.839172 1.06573 1.2632 1.43727 1.59436 1.73445 1.85897 1.97078 2.07119 2.15973 2.23647 2.30536 2.36485 2.42007 2.47032 2.51377 2.55265 2.5873 2.61704 2.64343 2.66729 2.68699 2.70337 2.71672 2.72674 2.73677 2.74493 2.74805 2.75276 2.75615 2.75746 2.75985 2.76105 2.75966 2.75842 2.75982 2.75921 2.76119 2.76262 2.764 2.76729 2.76881 2.76849 2.76897 2.77071 2.77389 2.77858 2.78276 
0.293669 0.586848 0.852048 1.08837 1.29794 1.48623 1.65777 1.81293 1.95385 2.08129 2.19632 2.30049 2.39104 2.47404 2.55014 2.62099 2.68559 2.74461 2.79851 2.84863 2.89227 2.93068 2.96632 2.9976 3.027 3.05424 3.07516 3.09441 3.11247 3.12563 3.13646 3.14575 3.15214 3.15828 3.16392 3.16674 3.17008 3.17592 3.17893 3.18429 3.19116 3.19927 3.20718 3.21446 3.22023 3.22627 3.23246 3.23976 3.24819 3.25396 
0.290652 0.585288 0.856191 1.10026 1.32003 1.52004 1.70484 1.87539 2.03274 2.17677 2.30949 2.43201 2.54076 2.64138 2.73556 2.82383 2.9038 2.97752 3.04426 3.10511 3.15837 3.20629 3.24911 3.2867 3.32013 3.35234 3.37962 3.4053 3.43061 3.45228 3.47034 3.48583 3.49824 3.51166 3.52465 3.53576 3.54601 3.55815 3.56826 3.58043 3.59416 3.60817 3.62073 3.6322 3.6415 3.65054 3.66019 3.66885 3.67833 3.6854 
=======
0.0166667 0.0333333 0.05 0.0666667 0.0833333 0.1 0.116667 0.133333 0.15 0.166667 0.183333 0.2 0.216667 0.233333 0.25 0.266667 0.283333 0.3 0.316667 0.333333 0.35 0.366667 0.383333 0.4 0.416667 0.433333 0.45 0.466667 0.483333 0.5 0.516667 0.533333 0.55 0.566667 0.583333 0.6 0.616667 0.633333 0.65 0.666667 0.683333 0.7 0.716667 0.733333 0.75 0.766667 0.783333 0.8 0.816667 0.833333 
0.000117162 0.000126186 0.000131703 0.000135862 0.000139213 0.000140981 0.000141936 0.000144679 0.000145697 0.000145039 0.000145323 0.000147201 0.000147741 0.000149512 0.0001508 0.000151144 0.000151711 0.000150998 0.000150408 0.000150739 0.000151143 0.000151694 0.000152361 0.000152654 0.000152888 0.000153339 0.00015385 0.000153929 0.00015447 0.000154395 0.000154112 0.000154105 0.000154298 0.000154626 0.000155025 0.000155478 0.000155134 0.000155152 0.00015502 0.000155094 0.000155155 0.000155368 0.000155645 0.000156046 0.000156324 0.000156395 0.000156595 0.000156559 0.000156947 0.000156562 
0.000154009 0.000187819 0.000206879 0.000220567 0.00023317 0.000238852 0.000241569 0.000250105 0.000253907 0.000250784 0.000249325 0.000254049 0.000254271 0.000259725 0.000264937 0.00026764 0.000270248 0.000267213 0.00026506 0.00026448 0.000263924 0.000263834 0.000265573 0.000265128 0.000266341 0.000269019 0.000270672 0.00026994 0.000271962 0.00027349 0.000271386 0.000269739 0.000268484 0.000268403 0.000268042 0.00026852 0.000268211 0.000268442 0.000268408 0.000268262 0.000268869 0.000270309 0.000272283 0.000273518 0.00027341 0.000273448 0.000273763 0.000274442 0.000274801 0.000275621 
0.000344222 0.000524609 0.000635163 0.000705503 0.000775839 0.000816891 0.00084307 0.000881989 0.000900309 0.000902311 0.000900329 0.000915353 0.000913241 0.000929333 0.000947877 0.000967168 0.000971274 0.000957259 0.000951487 0.000952209 0.000954924 0.000954893 0.000965326 0.000962481 0.000964294 0.000979765 0.000991664 0.000998978 0.00101079 0.00103251 0.00102829 0.00102374 0.00101626 0.00101367 0.00100247 0.000995419 0.000991937 0.000987485 0.000989262 0.000982948 0.000980849 0.000979315 0.000992252 0.00100121 0.00100342 0.00100879 0.00101602 0.00102441 0.00102234 0.00102433 
0.000543782 0.000919128 0.00117269 0.00133756 0.00149419 0.00160176 0.00167721 0.0017714 0.00183596 0.00187907 0.00189559 0.00192895 0.00194272 0.00197402 0.00200227 0.00203543 0.00202912 0.00200937 0.00199764 0.00199819 0.00200797 0.00201812 0.0020436 0.00205516 0.00205283 0.00207022 0.00210208 0.00213059 0.00216186 0.00220487 0.0022203 0.00222806 0.00221478 0.00220659 0.00218087 0.00215918 0.00215036 0.00213141 0.00212414 0.00210686 0.00210123 0.00209553 0.00211608 0.00212588 0.0021375 0.00216007 0.0021776 0.0021899 0.00219285 0.00219334 
0.000625039 0.00111543 0.001485 0.00174432 0.00197446 0.00214222 0.00226635 0.00241716 0.00253974 0.0026431 0.0027059 0.00277152 0.00281582 0.00285997 0.00289491 0.00293597 0.00293207 0.00293138 0.00292262 0.0029088 0.00290373 0.00290837 0.00293852 0.00296359 0.00297131 0.00298184 0.0030249 0.00307697 0.00312744 0.00318143 0.00321917 0.00325438 0.00324384 0.00323908 0.00321263 0.0031906 0.00317934 0.0031552 0.00313633 0.00311603 0.00310999 0.00310392 0.00311223 0.00311487 0.00312618 0.00315844 0.00317619 0.00319052 0.00321318 0.00322766 
0.000644125 0.00118853 0.00164063 0.00198752 0.00228409 0.00251494 0.00269663 0.00289703 0.00307082 0.00322129 0.00333791 0.00344246 0.00352704 0.00359571 0.00363901 0.00369736 0.00372153 0.00375979 0.00377717 0.00377712 0.00376813 0.00376263 0.00377887 0.003794 0.00380861 0.0038178 0.00386275 0.00393236 0.00400666 0.00406818 0.00412928 0.00419191 0.00420478 0.00421707 0.0042078 0.00420098 0.00419612 0.00418529 0.00418026 0.00418182 0.00419146 0.00419895 0.00418905 0.00418773 0.00419834 0.00422592 0.00423012 0.00424247 0.00427225 0.00429987 
0.00060344 0.00112388 0.00157217 0.00193681 0.00225481 0.00251372 0.00273215 0.00295503 0.00315036 0.00331009 0.00344556 0.00356493 0.00366614 0.0037514 0.00380883 0.00389096 0.00394851 0.00401827 0.00406172 0.00409104 0.00409858 0.00409931 0.00410457 0.00410454 0.00411609 0.0041323 0.0041724 0.00423499 0.00430902 0.00437318 0.00444194 0.0045112 0.00454762 0.00458259 0.00460221 0.0046159 0.0046227 0.00462693 0.00463803 0.00465226 0.00467488 0.00469344 0.00468978 0.0046965 0.00471201 0.00473024 0.00472866 0.00474646 0.00477529 0.00480587 
0.000521751 0.000960839 0.00134591 0.00167519 0.0019701 0.00221779 0.00243085 0.00263783 0.00282128 0.00296266 0.00309318 0.00321164 0.00331411 0.0034026 0.00346987 0.00356443 0.00364377 0.00373464 0.00380069 0.00386101 0.00389402 0.00391217 0.00392428 0.00392912 0.00394439 0.00397344 0.00401159 0.00406196 0.00412006 0.00417411 0.00423723 0.0042984 0.00434854 0.00439717 0.00444816 0.00448272 0.00450154 0.00452158 0.00454626 0.00456922 0.00459849 0.0046296 0.00464784 0.00466754 0.00469178 0.00471616 0.00473021 0.00475941 0.00478986 0.00481766 
0.000456479 0.000832915 0.00116265 0.00145181 0.00172135 0.00195357 0.0021546 0.00234911 0.00252594 0.0026643 0.00279565 0.00292005 0.00303135 0.00313141 0.00322272 0.00333969 0.00344051 0.00354569 0.00362771 0.00371323 0.00376707 0.00380421 0.00383462 0.00385766 0.00387957 0.00391742 0.00395903 0.00400758 0.00405236 0.00410349 0.00415919 0.00421628 0.0042738 0.00432803 0.00439385 0.00444472 0.00447345 0.00450732 0.00454116 0.0045724 0.00460717 0.00464646 0.00468082 0.00471442 0.0047445 0.00477482 0.00480011 0.00483243 0.00485974 0.00487985 
0.000448011 0.000821399 0.00114521 0.00143411 0.00171312 0.00196058 0.00217798 0.00239159 0.00258702 0.00274643 0.00289574 0.00303637 0.00316804 0.00328904 0.00341572 0.00356779 0.00369773 0.00382323 0.00392838 0.00404155 0.00412806 0.00419303 0.00425202 0.00430753 0.00435145 0.00440667 0.00446611 0.00453337 0.00458785 0.00465535 0.0047265 0.00479781 0.00486838 0.00493622 0.00501435 0.00507966 0.00512531 0.00517819 0.00522189 0.00526093 0.00529737 0.00533924 0.00538079 0.00542109 0.00545643 0.00549182 0.00552434 0.00555706 0.00558604 0.00560812 
0.00048981 0.000912587 0.00127817 0.00160394 0.00192773 0.00222707 0.00249425 0.00275943 0.00301077 0.00322828 0.00342742 0.00361442 0.00378922 0.00395042 0.00412506 0.00432746 0.00450645 0.00467421 0.00482348 0.00498 0.00510462 0.00520948 0.00530207 0.0054048 0.00548334 0.00556515 0.00565196 0.00575077 0.00583431 0.00592659 0.00602422 0.00612342 0.00621689 0.00630349 0.00640024 0.0064843 0.00655509 0.00663474 0.00670043 0.00676463 0.00681805 0.00687417 0.00693611 0.00699145 0.00704267 0.00708404 0.00711837 0.0071468 0.00717588 0.00720817 
0.00054206 0.00102181 0.00143558 0.00180777 0.00218143 0.00253179 0.00284849 0.00317028 0.00348327 0.00376406 0.0040209 0.00426345 0.00448976 0.00470056 0.00491884 0.00516742 0.00539033 0.00559575 0.00577946 0.00597021 0.00612472 0.00626351 0.00638705 0.00652833 0.00664211 0.00675281 0.00686774 0.00699512 0.00711102 0.00723172 0.00735721 0.00748329 0.00759707 0.00769739 0.00781225 0.00791628 0.00801788 0.0081255 0.00821405 0.00830802 0.00839268 0.00847401 0.00856551 0.00864946 0.00872938 0.00879452 0.00884588 0.00888318 0.00892046 0.00896976 
>>>>>>> 62e055e55f99d69d07f483402b951e7c543bbdbf
