7 8 10 12 14 16 18 20 22 24 26 28 
<<<<<<< HEAD
0.0165629 0.0331258 0.0496887 0.0662516 0.0828145 0.0993774 0.11594 0.132503 0.149066 0.165629 0.182192 0.198755 0.215318 0.231881 0.248444 0.265007 0.281569 0.298132 0.314695 0.331258 0.347821 0.364384 0.380947 0.39751 0.414073 0.430636 0.447198 0.463761 0.480324 0.496887 0.51345 0.530013 0.546576 0.563139 0.579702 0.596265 0.612828 0.62939 0.645953 0.662516 0.679079 0.695642 0.712205 0.728768 0.745331 0.761894 0.778457 0.79502 0.811582 0.828145 
0.0273653 0.035283 0.0373267 0.0380986 0.0385125 0.0386639 0.0386319 0.0385919 0.0387226 0.0387334 0.0388571 0.0390307 0.0390358 0.0389711 0.0389876 0.0390402 0.0390036 0.0389772 0.0388538 0.0389834 0.0390306 0.0390353 0.0390684 0.039029 0.0389338 0.038902 0.0390378 0.0389839 0.0389061 0.038912 0.0389724 0.039023 0.0389191 0.039002 0.0389974 0.0389519 0.0389708 0.0389778 0.0389007 0.038955 0.0389801 0.0390002 0.0388867 0.038859 0.0388445 0.0389459 0.0388504 0.0388898 0.0388561 0.0389053 
0.0443903 0.0619905 0.0679439 0.0701736 0.0711189 0.0715845 0.0716555 0.0714638 0.0719385 0.0719341 0.072111 0.072138 0.0722944 0.0722216 0.071954 0.0718995 0.0721507 0.0721275 0.0719453 0.072095 0.0723182 0.0723448 0.0723108 0.0722265 0.0722097 0.0721146 0.0720419 0.0718597 0.0719213 0.0718716 0.0719674 0.0720921 0.0720849 0.0719552 0.0719806 0.0720273 0.0720246 0.0719944 0.0719981 0.0720187 0.0719531 0.0719775 0.0718606 0.0717972 0.0717372 0.0718654 0.0718031 0.0717654 0.0717466 0.0717932 
0.081873 0.12857 0.151195 0.162047 0.167464 0.169879 0.170929 0.171826 0.172719 0.173852 0.173195 0.173129 0.173611 0.173496 0.173555 0.172936 0.173227 0.173218 0.173361 0.172812 0.173158 0.173694 0.173823 0.174121 0.173725 0.17362 0.173414 0.173427 0.173439 0.17316 0.173244 0.173293 0.173467 0.173517 0.173647 0.17363 0.173415 0.173286 0.173466 0.173774 0.174007 0.173873 0.173436 0.173204 0.173103 0.173095 0.172665 0.172551 0.172728 0.173187 
0.11102 0.187607 0.233666 0.261336 0.278536 0.289466 0.296778 0.301509 0.304839 0.307633 0.308398 0.309444 0.310292 0.310787 0.310807 0.310415 0.310374 0.31062 0.310819 0.310457 0.310581 0.31062 0.311614 0.312357 0.312797 0.313474 0.31362 0.313358 0.313207 0.313224 0.312782 0.312716 0.312311 0.311697 0.31192 0.311894 0.311167 0.311057 0.311782 0.312213 0.312766 0.312787 0.312494 0.312521 0.312273 0.31193 0.31188 0.312032 0.312581 0.312849 
0.138931 0.24846 0.324969 0.377296 0.41397 0.440403 0.460025 0.474029 0.484323 0.49288 0.499266 0.504179 0.506918 0.508499 0.507829 0.507163 0.5069 0.50803 0.508964 0.509326 0.510211 0.511009 0.511632 0.513153 0.514156 0.515152 0.515607 0.515865 0.51613 0.515927 0.51588 0.515717 0.515109 0.514472 0.514176 0.513581 0.513135 0.512658 0.513159 0.513866 0.514639 0.51502 0.515071 0.514922 0.51484 0.514927 0.514933 0.515032 0.515502 0.516064 
0.162504 0.301384 0.408479 0.488001 0.548917 0.596379 0.633479 0.662394 0.685464 0.70465 0.719846 0.731947 0.739556 0.743625 0.745835 0.748383 0.749619 0.752531 0.756205 0.75931 0.76267 0.766136 0.768033 0.770686 0.772131 0.77279 0.773885 0.774664 0.775386 0.775253 0.776094 0.775868 0.775449 0.774922 0.77445 0.773537 0.773221 0.77164 0.770698 0.7707 0.771597 0.772505 0.77272 0.773778 0.774703 0.77571 0.775698 0.774628 0.77415 0.77495 
0.176677 0.335412 0.464572 0.566561 0.648281 0.714884 0.768296 0.813468 0.851097 0.882359 0.907165 0.928394 0.944209 0.95497 0.963399 0.970022 0.975635 0.982721 0.989417 0.995651 1.00105 1.00579 1.00947 1.01269 1.01437 1.01493 1.01694 1.01867 1.01998 1.02083 1.02253 1.02221 1.02211 1.02157 1.02103 1.01921 1.01828 1.01623 1.01453 1.01341 1.01402 1.01422 1.01425 1.01564 1.01686 1.0174 1.01702 1.01601 1.01598 1.01694 
0.189005 0.364765 0.512622 0.635731 0.739046 0.826614 0.898354 0.960757 1.01378 1.0594 1.09767 1.13099 1.15855 1.18072 1.19817 1.21267 1.22509 1.23778 1.24927 1.25938 1.26822 1.27618 1.28368 1.28988 1.29456 1.29754 1.30155 1.30707 1.31144 1.31486 1.31792 1.31922 1.32187 1.32507 1.32651 1.32587 1.3256 1.32458 1.32295 1.32169 1.32126 1.3223 1.3236 1.32488 1.32522 1.32592 1.32629 1.32584 1.32526 1.32487 
0.199825 0.391503 0.557536 0.700086 0.823522 0.930522 1.02067 1.09953 1.16813 1.23009 1.28447 1.3329 1.37453 1.41092 1.4416 1.4681 1.49064 1.51227 1.5309 1.548 1.5631 1.57732 1.58896 1.59994 1.60962 1.61749 1.62548 1.63415 1.64161 1.64668 1.65121 1.65487 1.65902 1.66477 1.66807 1.66966 1.67032 1.67059 1.67043 1.67152 1.67358 1.67661 1.67826 1.67996 1.68112 1.68243 1.68295 1.68267 1.68157 1.6807 
0.208394 0.413045 0.59419 0.754058 0.895038 1.02017 1.12709 1.22277 1.30828 1.38577 1.45527 1.51952 1.57718 1.62883 1.67408 1.71451 1.75067 1.78429 1.81372 1.84099 1.86565 1.88769 1.90485 1.9204 1.9352 1.94581 1.95667 1.96627 1.97529 1.98045 1.98535 1.99003 1.99415 1.99949 2.00285 2.00497 2.00787 2.01009 2.01133 2.01364 2.01689 2.02068 2.02351 2.02559 2.02719 2.02867 2.02913 2.03015 2.03106 2.03187 
0.214332 0.429615 0.623238 0.797001 0.953265 1.09374 1.21665 1.32812 1.4297 1.52245 1.60636 1.68475 1.75557 1.81988 1.8775 1.93091 1.98098 2.0282 2.0701 2.10845 2.14141 2.17189 2.19719 2.21834 2.23811 2.25425 2.27032 2.28604 2.30236 2.3148 2.32586 2.33611 2.34543 2.35544 2.36418 2.37057 2.37809 2.38304 2.38664 2.39069 2.39682 2.40411 2.4105 2.41454 2.41572 2.41703 2.41799 2.41972 2.42327 2.42719 
0.21597 0.436306 0.636151 0.817996 0.984711 1.13652 1.27273 1.39622 1.51058 1.61628 1.71324 1.80373 1.88653 1.96117 2.02862 2.09141 2.15058 2.20597 2.25565 2.30094 2.33952 2.37531 2.40606 2.43235 2.45713 2.47929 2.50005 2.52093 2.54205 2.55897 2.57374 2.58816 2.60211 2.61674 2.63133 2.64268 2.65492 2.66502 2.67339 2.68138 2.69168 2.7014 2.71055 2.71799 2.72117 2.72446 2.72653 2.72894 2.73327 2.73766 
=======
0.0166667 0.0333333 0.05 0.0666667 0.0833333 0.1 0.116667 0.133333 0.15 0.166667 0.183333 0.2 0.216667 0.233333 0.25 0.266667 0.283333 0.3 0.316667 0.333333 0.35 0.366667 0.383333 0.4 0.416667 0.433333 0.45 0.466667 0.483333 0.5 0.516667 0.533333 0.55 0.566667 0.583333 0.6 0.616667 0.633333 0.65 0.666667 0.683333 0.7 0.716667 0.733333 0.75 0.766667 0.783333 0.8 0.816667 0.833333 
0.00158072 0.00231661 0.00261314 0.00275499 0.00285823 0.00290776 0.00292589 0.00294289 0.00292714 0.00291504 0.00291131 0.00294421 0.00292255 0.0029009 0.0029046 0.00294422 0.00294893 0.00292084 0.00295424 0.00297518 0.00295998 0.00296069 0.00299569 0.00299841 0.00299469 0.00300211 0.00299908 0.0029964 0.00296872 0.00295233 0.00293669 0.00294799 0.00296167 0.00297936 0.00298745 0.00298106 0.00297699 0.00298938 0.00300439 0.00298577 0.00298363 0.00298898 0.00298045 0.00300142 0.00300555 0.00302333 0.00302917 0.0030374 0.0030414 0.00302932 
0.00322433 0.00510231 0.00601468 0.00649811 0.00685497 0.00705847 0.00717841 0.00722663 0.00716817 0.00715237 0.00716138 0.00722935 0.00723163 0.00718139 0.00721525 0.00729238 0.00726573 0.00718844 0.0072389 0.00728385 0.00730949 0.0073068 0.00739587 0.00739074 0.00735732 0.00736445 0.00737123 0.00737142 0.00734951 0.00729246 0.00726122 0.00725143 0.00726761 0.00729008 0.00730776 0.00733253 0.00730608 0.00729436 0.0073421 0.00736799 0.00736792 0.00733835 0.00734002 0.00738582 0.00738598 0.00742452 0.00743563 0.00747517 0.00752059 0.00750755 
0.00550081 0.00954019 0.0120085 0.0135586 0.0145936 0.0154462 0.0160334 0.0163682 0.0164682 0.0165868 0.0167126 0.0167977 0.0168864 0.0169004 0.0170365 0.0171687 0.0171451 0.0171369 0.0171638 0.0172112 0.0173727 0.0173424 0.0173976 0.0173412 0.0172975 0.0172852 0.0172737 0.0172634 0.0172808 0.0172137 0.0172344 0.0171911 0.0172171 0.0171866 0.0171268 0.0171497 0.0171027 0.0170088 0.0170139 0.0170451 0.0171384 0.0171018 0.01716 0.0171184 0.0171016 0.017132 0.0172112 0.017245 0.0172555 0.0173038 
0.00522416 0.00953261 0.0124905 0.0146135 0.0160554 0.0173121 0.0183014 0.0190346 0.0195611 0.0200381 0.0203769 0.0205793 0.020733 0.0208993 0.0210513 0.0212106 0.0213151 0.021455 0.0215796 0.02166 0.0217689 0.0217662 0.0217193 0.0216355 0.0216155 0.021538 0.0214718 0.0214645 0.021462 0.0214703 0.0215028 0.0214956 0.0214999 0.0214258 0.0213712 0.021382 0.021383 0.0213364 0.021276 0.0212065 0.0212075 0.021215 0.0213214 0.0213321 0.0213481 0.0213832 0.0214365 0.021511 0.0215636 0.0215334 
0.00456325 0.00855545 0.0115068 0.0138838 0.0156919 0.0171581 0.0183629 0.019342 0.0201595 0.0208951 0.021539 0.0220554 0.0224703 0.0228432 0.0232523 0.0236001 0.0238696 0.0241023 0.0242551 0.0243078 0.0243586 0.0244113 0.0244234 0.0243593 0.0243028 0.0242162 0.0241444 0.0240923 0.0240904 0.0241069 0.0241254 0.024158 0.0241513 0.0241272 0.0241349 0.02417 0.0241499 0.0241344 0.0241112 0.0240789 0.0240155 0.0240179 0.0240769 0.0240914 0.0240884 0.0241282 0.0241726 0.0242612 0.0243656 0.0243825 
0.0046071 0.00882758 0.0121732 0.0150688 0.0175411 0.0196015 0.0213254 0.0227774 0.0240235 0.0251177 0.0261085 0.026982 0.0276949 0.0283083 0.029048 0.0296088 0.0300282 0.0303815 0.0306403 0.0307805 0.0308559 0.0309586 0.0310669 0.0311607 0.0312551 0.0312877 0.0312831 0.0312446 0.03132 0.0313659 0.0314264 0.031458 0.031493 0.0314905 0.031513 0.0315345 0.0315499 0.0315828 0.0315508 0.0314952 0.0314363 0.0313973 0.0313996 0.0314065 0.0313693 0.0313748 0.0314065 0.0314814 0.0315746 0.0316587 
0.00491053 0.00958645 0.0134931 0.0169583 0.0200276 0.0226933 0.0250086 0.0269982 0.0287665 0.030346 0.0317045 0.0329006 0.0339042 0.0347951 0.0358194 0.0366669 0.0373424 0.037921 0.0383881 0.0387171 0.0389149 0.0391664 0.0393607 0.0396199 0.0399131 0.0400439 0.0401459 0.0402246 0.0403293 0.0404197 0.0405657 0.0406475 0.0407782 0.0408547 0.0409507 0.0410649 0.0411937 0.0413138 0.0413068 0.0412817 0.0412888 0.0412933 0.0413017 0.0413267 0.0413532 0.0414886 0.0415995 0.0417092 0.0418628 0.041987 
0.00547462 0.0108933 0.0155706 0.019786 0.0235592 0.0269351 0.0299389 0.032648 0.0350769 0.0372822 0.0392264 0.040993 0.0425299 0.0438861 0.0453151 0.0465805 0.0476605 0.048574 0.0493246 0.0499065 0.050348 0.0508302 0.0512013 0.0516418 0.0522104 0.0525663 0.05282 0.0530635 0.0533186 0.0535908 0.0539771 0.0542954 0.0546129 0.0549318 0.0552283 0.0555585 0.0559117 0.0561495 0.0562491 0.056283 0.0563341 0.0563755 0.0564698 0.0565974 0.0567123 0.0569589 0.0571033 0.0572556 0.0574959 0.0577304 
0.00625221 0.012592 0.018168 0.023401 0.0281351 0.0324634 0.036389 0.0400084 0.0433358 0.0464015 0.049147 0.0517451 0.0540833 0.056185 0.0583259 0.0602451 0.06195 0.0634372 0.0646509 0.0656284 0.0664803 0.0673003 0.0679736 0.0686494 0.0694865 0.0701345 0.0706687 0.0711826 0.0716975 0.0722395 0.0728326 0.0733867 0.0738528 0.0743661 0.0748376 0.07533 0.0757466 0.0760075 0.0761898 0.0763363 0.076465 0.0765611 0.0767538 0.0770113 0.0772843 0.0777355 0.0780304 0.0783792 0.0787463 0.0790752 
0.00708597 0.0143084 0.0207885 0.0270066 0.0326375 0.0377991 0.042547 0.0470029 0.0511672 0.0550259 0.0585455 0.0618949 0.0649384 0.0678203 0.0706868 0.0732542 0.0755766 0.0776025 0.0792704 0.0807228 0.0821325 0.0834196 0.0845975 0.0857987 0.087061 0.0881314 0.0890794 0.0899988 0.090855 0.0917893 0.0926893 0.0935744 0.0943336 0.0951649 0.0959674 0.0967761 0.0974433 0.0979545 0.0984069 0.0987875 0.0991035 0.0993777 0.0997544 0.100219 0.100681 0.101319 0.101828 0.102454 0.103054 0.103569 
0.00798256 0.0161336 0.0235673 0.0307188 0.0371296 0.0430328 0.0485335 0.0538455 0.0588195 0.0635081 0.0678397 0.0719484 0.0757376 0.0794127 0.0831028 0.0864531 0.0895726 0.092268 0.0945106 0.0965472 0.0986027 0.100539 0.102405 0.104299 0.106133 0.107775 0.109261 0.110699 0.112017 0.113423 0.114784 0.116155 0.117347 0.118596 0.119903 0.121161 0.122263 0.123279 0.124271 0.125099 0.125825 0.126481 0.127181 0.127909 0.128627 0.129525 0.130347 0.131297 0.13223 0.133124 
0.00863021 0.0175101 0.0255737 0.033397 0.0404733 0.0469603 0.0529877 0.0589034 0.0644656 0.0696962 0.0745716 0.079317 0.0837344 0.0880047 0.0923807 0.0963585 0.100194 0.103614 0.106528 0.109174 0.111876 0.11448 0.117004 0.119492 0.121836 0.124051 0.126168 0.128191 0.130101 0.132105 0.134077 0.136055 0.13775 0.139484 0.141299 0.143032 0.144615 0.14609 0.147481 0.148691 0.1498 0.150793 0.151724 0.152598 0.153446 0.154468 0.155418 0.156463 0.157473 0.158454 
>>>>>>> 62e055e55f99d69d07f483402b951e7c543bbdbf
