7 8 10 12 14 16 18 20 22 24 26 28 
<<<<<<< HEAD
0.0165629 0.0331258 0.0496887 0.0662516 0.0828145 0.0993774 0.11594 0.132503 0.149066 0.165629 0.182192 0.198755 0.215318 0.231881 0.248444 0.265007 0.281569 0.298132 0.314695 0.331258 0.347821 0.364384 0.380947 0.39751 0.414073 0.430636 0.447198 0.463761 0.480324 0.496887 0.51345 0.530013 0.546576 0.563139 0.579702 0.596265 0.612828 0.62939 0.645953 0.662516 0.679079 0.695642 0.712205 0.728768 0.745331 0.761894 0.778457 0.79502 0.811582 0.828145 
0.038486 0.0491801 0.0519269 0.052987 0.0528416 0.053087 0.0532218 0.0533974 0.0534521 0.053489 0.0534886 0.0536684 0.0535477 0.0536817 0.0537873 0.0538897 0.0538842 0.0536988 0.0536936 0.0536487 0.053589 0.0535958 0.0535313 0.0536272 0.0537164 0.0537066 0.0537444 0.0538601 0.0538137 0.053647 0.0537205 0.0537309 0.0537652 0.0538085 0.0536286 0.0536898 0.053772 0.0537582 0.053745 0.0538161 0.0538229 0.0537735 0.0538092 0.0538648 0.0537324 0.0537874 0.0537596 0.0537035 0.053866 0.0537137 
0.0658302 0.0901697 0.0982659 0.102077 0.102584 0.103568 0.104144 0.104323 0.104107 0.103986 0.104078 0.104522 0.104323 0.104279 0.104655 0.104903 0.104978 0.10482 0.104754 0.104542 0.104578 0.104732 0.104322 0.104304 0.104423 0.104591 0.104879 0.105045 0.105038 0.104674 0.104731 0.104808 0.104892 0.104785 0.104487 0.104608 0.104461 0.104478 0.104546 0.104568 0.104496 0.104602 0.104619 0.104458 0.104457 0.104236 0.104266 0.104415 0.104675 0.104592 
0.12342 0.191612 0.223418 0.239584 0.248217 0.253213 0.255356 0.257181 0.257559 0.257716 0.257921 0.257859 0.257337 0.257765 0.258479 0.258842 0.259044 0.258868 0.258822 0.25881 0.259278 0.259399 0.259118 0.258639 0.25827 0.2589 0.259482 0.260202 0.260056 0.260449 0.260836 0.261141 0.261724 0.261288 0.260905 0.260605 0.260228 0.260193 0.259646 0.259377 0.259414 0.259577 0.259419 0.259242 0.259085 0.259181 0.259573 0.259794 0.259435 0.259869 
0.163991 0.277165 0.343823 0.384438 0.409811 0.425659 0.433673 0.439081 0.442174 0.444967 0.446739 0.447288 0.448048 0.449248 0.450216 0.450287 0.450347 0.450062 0.450318 0.451314 0.451778 0.452387 0.452508 0.451336 0.450771 0.450897 0.452268 0.453694 0.454226 0.455008 0.455287 0.455661 0.455692 0.455455 0.454641 0.454893 0.454915 0.454918 0.454133 0.45416 0.454302 0.454604 0.4544 0.454517 0.454081 0.454093 0.454471 0.454641 0.454799 0.455037 
0.19199 0.340701 0.442927 0.513992 0.564156 0.599899 0.623326 0.640811 0.652672 0.662307 0.66851 0.671877 0.676314 0.679965 0.683108 0.684666 0.684587 0.684606 0.686442 0.687095 0.687027 0.686033 0.685649 0.685261 0.685381 0.686464 0.687797 0.688641 0.690185 0.692225 0.692784 0.693544 0.693983 0.694288 0.694226 0.695098 0.695048 0.694654 0.693508 0.691705 0.690076 0.688877 0.688795 0.689983 0.690888 0.692499 0.693212 0.694007 0.694756 0.69451 
0.208456 0.383134 0.515535 0.616007 0.693921 0.75296 0.796348 0.831728 0.858732 0.881251 0.897119 0.908074 0.918191 0.925174 0.930727 0.934723 0.937236 0.938773 0.940846 0.94188 0.941692 0.94097 0.942531 0.944191 0.944775 0.945596 0.945971 0.946316 0.947862 0.950355 0.951944 0.952964 0.95399 0.954841 0.955265 0.956513 0.957094 0.957026 0.956655 0.955502 0.953874 0.953537 0.954113 0.955215 0.954906 0.956091 0.956536 0.956505 0.95526 0.955074 
0.214979 0.404958 0.556579 0.678524 0.777252 0.855829 0.91771 0.969157 1.01125 1.04661 1.07421 1.09718 1.11719 1.13278 1.14412 1.15319 1.16006 1.16496 1.16971 1.17209 1.17447 1.176 1.17969 1.18405 1.18579 1.18771 1.18848 1.18885 1.19 1.19334 1.19533 1.19671 1.1986 1.19943 1.20074 1.20237 1.20411 1.20512 1.20564 1.20436 1.20297 1.20321 1.20231 1.20202 1.20178 1.20279 1.20331 1.20337 1.20288 1.20267 
0.218328 0.419417 0.587733 0.728556 0.84639 0.943552 1.02441 1.09173 1.1483 1.19779 1.23921 1.27502 1.30678 1.33249 1.35153 1.36818 1.38306 1.39565 1.40597 1.41287 1.42022 1.42658 1.43257 1.43996 1.4456 1.44993 1.45264 1.45485 1.45554 1.45841 1.46044 1.46197 1.46478 1.46626 1.46659 1.46704 1.46818 1.46903 1.46887 1.46907 1.46857 1.46884 1.46713 1.46685 1.46727 1.46894 1.47126 1.47308 1.47364 1.47509 
0.217422 0.425486 0.606819 0.762715 0.896798 1.01111 1.10954 1.19405 1.26722 1.33262 1.38895 1.4378 1.48145 1.51851 1.54703 1.57163 1.59402 1.6135 1.63131 1.6449 1.65687 1.66708 1.6763 1.68635 1.69552 1.70181 1.70623 1.71098 1.71461 1.71927 1.72291 1.72551 1.72898 1.73298 1.73474 1.73471 1.73358 1.73186 1.73057 1.72978 1.72897 1.72889 1.72768 1.72695 1.7271 1.7284 1.73085 1.73427 1.73517 1.73738 
0.212376 0.420649 0.606796 0.769635 0.912811 1.03839 1.14908 1.24624 1.33168 1.40727 1.47316 1.53157 1.58441 1.63039 1.66856 1.70164 1.73054 1.75626 1.78046 1.80068 1.81739 1.83261 1.84603 1.85915 1.87148 1.88144 1.89004 1.89964 1.90699 1.91406 1.91986 1.92437 1.9292 1.9348 1.93839 1.93872 1.93731 1.93661 1.93681 1.93691 1.93917 1.94205 1.944 1.94537 1.94733 1.94971 1.95234 1.95773 1.96049 1.96276 
0.204311 0.407757 0.591973 0.756909 0.905563 1.03845 1.15872 1.26548 1.36066 1.44406 1.51874 1.58675 1.6491 1.70564 1.75606 1.80156 1.84117 1.87593 1.90718 1.93478 1.95846 1.98161 2.00254 2.02128 2.03908 2.05543 2.07004 2.0838 2.09441 2.10413 2.11329 2.12097 2.12823 2.13554 2.14157 2.1443 2.14585 2.1482 2.15106 2.15428 2.15974 2.1666 2.17243 2.17797 2.18275 2.18691 2.19121 2.19702 2.20142 2.20344 
0.196108 0.393977 0.5758 0.740501 0.892487 1.03 1.15601 1.26932 1.37073 1.4607 1.54436 1.62226 1.69443 1.76077 1.82108 1.87689 1.92625 1.9693 2.00878 2.04395 2.07518 2.10473 2.13244 2.15762 2.18227 2.20499 2.22579 2.24513 2.26236 2.2769 2.2905 2.30224 2.31347 2.32465 2.33543 2.34339 2.34969 2.35755 2.36455 2.37195 2.37924 2.38677 2.39391 2.40088 2.40724 2.41195 2.41743 2.42593 2.43267 2.43707 
=======
0.0166667 0.0333333 0.05 0.0666667 0.0833333 0.1 0.116667 0.133333 0.15 0.166667 0.183333 0.2 0.216667 0.233333 0.25 0.266667 0.283333 0.3 0.316667 0.333333 0.35 0.366667 0.383333 0.4 0.416667 0.433333 0.45 0.466667 0.483333 0.5 0.516667 0.533333 0.55 0.566667 0.583333 0.6 0.616667 0.633333 0.65 0.666667 0.683333 0.7 0.716667 0.733333 0.75 0.766667 0.783333 0.8 0.816667 0.833333 
0.000125567 0.000138984 0.000145199 0.000148215 0.000151242 0.000153432 0.000154628 0.000155897 0.000156915 0.000157399 0.000158386 0.00015872 0.000158589 0.000159322 0.000159538 0.000160341 0.000161041 0.000161538 0.000161524 0.000161471 0.000161656 0.000161574 0.000161978 0.000162117 0.000162571 0.000162995 0.000163935 0.00016424 0.000164638 0.000164795 0.000165105 0.00016518 0.000165128 0.000165398 0.000165625 0.000165803 0.000165527 0.000165893 0.000165993 0.000165791 0.000165306 0.000165168 0.000165511 0.000165552 0.000165619 0.000165894 0.000166199 0.00016637 0.00016655 0.000166324 
0.000143742 0.000172805 0.000188118 0.000197065 0.000204456 0.000208918 0.000211448 0.000214105 0.000215977 0.000216256 0.000218061 0.000218922 0.000219261 0.000220545 0.000221768 0.00022191 0.000222139 0.000223312 0.000222703 0.000222257 0.000222825 0.000223293 0.00022375 0.000224083 0.000225212 0.000225432 0.000225785 0.000225664 0.000225783 0.000225574 0.000225854 0.000225916 0.000226045 0.000226776 0.000227338 0.000227195 0.000226 0.000226612 0.00022695 0.000226537 0.000225924 0.000226296 0.000226727 0.000226917 0.000227914 0.000228209 0.000228316 0.000228411 0.00022822 0.000227318 
0.00028229 0.000427197 0.000526229 0.000598572 0.000653871 0.000686509 0.000703681 0.000721922 0.000730487 0.000727645 0.00072854 0.000729706 0.000730806 0.000735102 0.0007434 0.000744125 0.000740616 0.000738301 0.000734393 0.000729541 0.000732874 0.000733742 0.000730727 0.000728735 0.000730426 0.000731751 0.00072761 0.000719675 0.000721114 0.000724214 0.000726606 0.000724259 0.000718717 0.000717306 0.000720187 0.000723328 0.00071974 0.000713225 0.00071217 0.000710804 0.000706184 0.000701063 0.000700001 0.000693559 0.000685036 0.00067869 0.000680029 0.000679437 0.000681674 0.000685845 
0.00052506 0.000899514 0.00120063 0.00143242 0.00161436 0.00174162 0.00183253 0.00190691 0.00195963 0.00197901 0.00199716 0.00200102 0.00201111 0.00202438 0.00204266 0.00205393 0.00204219 0.0020285 0.00202282 0.00201326 0.00200188 0.00198089 0.0019723 0.00195831 0.0019438 0.00194097 0.00193208 0.00191415 0.00190657 0.0019129 0.00192356 0.00191016 0.00190059 0.00189592 0.00189676 0.00190986 0.00191385 0.00191687 0.00192457 0.00193572 0.00192839 0.00191616 0.00191257 0.00191199 0.00189327 0.00187399 0.00186678 0.00187265 0.00187284 0.00187571 
0.00078484 0.00143097 0.00199918 0.00245854 0.00284878 0.00314744 0.00339413 0.00358901 0.00374476 0.00384284 0.00392645 0.00396675 0.00401177 0.00405645 0.00409536 0.00413055 0.00411774 0.00410116 0.00409697 0.00407799 0.00402406 0.00394894 0.00391166 0.00388313 0.0038539 0.00383399 0.00381281 0.00378676 0.00375839 0.00374643 0.00374397 0.00371515 0.0037018 0.00367735 0.00365858 0.00364377 0.00363886 0.00365719 0.00367371 0.00370333 0.00370599 0.00371513 0.00370212 0.00372176 0.00371919 0.00371251 0.00370095 0.00371147 0.0037149 0.00371632 
0.000967436 0.00183418 0.00262512 0.00327691 0.00384997 0.00431209 0.0047338 0.00505582 0.00532982 0.00552709 0.00570107 0.00581814 0.00593145 0.00604338 0.00612992 0.00619428 0.00619784 0.00620384 0.00621502 0.00620419 0.00615037 0.0060576 0.00600718 0.0059809 0.00597982 0.00597909 0.00598122 0.00596058 0.00594171 0.0059494 0.00596062 0.00594117 0.00591175 0.00586805 0.00583193 0.00579677 0.00578067 0.00578336 0.00580009 0.00583038 0.00585307 0.00588782 0.00589303 0.00590913 0.00590944 0.00591494 0.005923 0.00593503 0.00594781 0.00595193 
0.000979096 0.0018922 0.00272097 0.00342031 0.00402871 0.00453662 0.00502509 0.00541192 0.00575808 0.00602784 0.00626367 0.00644121 0.00660704 0.00676621 0.00689067 0.00698592 0.00703574 0.00710104 0.0071688 0.0072134 0.00723277 0.00721202 0.00721751 0.00724301 0.00728204 0.00732209 0.00736063 0.00738052 0.00741957 0.00747529 0.00753271 0.00756059 0.00753871 0.00749541 0.00746266 0.00743349 0.00741183 0.0074013 0.00741576 0.00743198 0.00746207 0.00750419 0.00754171 0.00757723 0.007606 0.00764159 0.00767013 0.00768468 0.00770001 0.00770632 
0.000907084 0.00176073 0.00251077 0.00315776 0.00372302 0.00421502 0.00468898 0.00509615 0.00547369 0.00577955 0.00603934 0.00625933 0.00647134 0.00667692 0.00683629 0.00696648 0.00706751 0.00718921 0.00730578 0.00740091 0.00749255 0.00756618 0.00764428 0.00772614 0.00779344 0.00787088 0.00793751 0.00798748 0.0080548 0.00812466 0.00819194 0.00823717 0.00823581 0.00820839 0.00818945 0.00817281 0.00815766 0.00815035 0.00815796 0.00816742 0.00818279 0.00820645 0.00823995 0.00828339 0.00832397 0.00836625 0.00840434 0.00844052 0.00847351 0.00849483 
0.000800157 0.00154399 0.00218692 0.00276259 0.00327709 0.00374233 0.00418262 0.00458663 0.00496662 0.00528289 0.00555214 0.0058053 0.0060454 0.00628334 0.00647794 0.0066486 0.00679648 0.00695079 0.00709163 0.00721504 0.00734473 0.00746586 0.00757961 0.00769417 0.00778791 0.00788681 0.00797181 0.00804165 0.00811708 0.00818862 0.00824733 0.00829622 0.00831331 0.00831432 0.00831712 0.00833006 0.00834321 0.00837028 0.0083918 0.00842139 0.00844191 0.00846602 0.00848836 0.00852374 0.0085555 0.00858352 0.00860914 0.00864482 0.00868503 0.00871921 
0.000710777 0.00135661 0.00192876 0.00245653 0.00294129 0.00339238 0.00381562 0.00420467 0.0045725 0.00488597 0.00515601 0.00542087 0.00566672 0.00591444 0.00612601 0.0063154 0.00649237 0.00666163 0.00681224 0.00694069 0.0070711 0.00718926 0.00729851 0.00740925 0.00751327 0.00761685 0.00771598 0.00779779 0.0078839 0.00796759 0.00804244 0.00810643 0.00814998 0.00818487 0.0082105 0.00824684 0.00828119 0.0083254 0.00835674 0.00839757 0.00843339 0.00847473 0.00851105 0.00854617 0.00857434 0.00858969 0.00860106 0.00861622 0.00864447 0.00867716 
0.000658895 0.00126241 0.00182507 0.00234308 0.00282799 0.00328395 0.00371997 0.00411468 0.00448892 0.00481401 0.00510602 0.00538413 0.00564619 0.0059071 0.00613729 0.00634683 0.00654877 0.00673453 0.00690375 0.00704067 0.00716393 0.00727718 0.00738673 0.0075044 0.00763131 0.00775497 0.00787178 0.00797639 0.00807802 0.00818279 0.00828557 0.00837466 0.00844344 0.00850486 0.0085564 0.00861065 0.00865822 0.00870499 0.00874055 0.00878116 0.00882229 0.00887093 0.00891489 0.00895023 0.00898149 0.00899557 0.00900179 0.00900487 0.00900864 0.00902364 
0.000682779 0.00132487 0.00194184 0.00250809 0.00304866 0.00356105 0.00405771 0.00450518 0.0049285 0.00530847 0.00565764 0.00598369 0.00629759 0.0066058 0.0068743 0.00712741 0.00737278 0.00760052 0.00781481 0.00799025 0.00814762 0.00829309 0.00843584 0.00859343 0.0087644 0.00893463 0.00908751 0.00923437 0.0093687 0.00950422 0.00963628 0.00975318 0.00984949 0.0099377 0.0100205 0.0100976 0.0101709 0.0102321 0.0102741 0.0103252 0.0103818 0.010442 0.010501 0.0105506 0.0105983 0.0106287 0.0106496 0.0106569 0.0106608 0.0106781 
>>>>>>> 62e055e55f99d69d07f483402b951e7c543bbdbf
