7 8 10 12 14 16 18 20 22 24 26 28 
<<<<<<< HEAD
0.0165629 0.0331258 0.0496887 0.0662516 0.0828145 0.0993774 0.11594 0.132503 0.149066 0.165629 0.182192 0.198755 0.215318 0.231881 0.248444 0.265007 0.281569 0.298132 0.314695 0.331258 0.347821 0.364384 0.380947 0.39751 0.414073 0.430636 0.447198 0.463761 0.480324 0.496887 0.51345 0.530013 0.546576 0.563139 0.579702 0.596265 0.612828 0.62939 0.645953 0.662516 0.679079 0.695642 0.712205 0.728768 0.745331 0.761894 0.778457 0.79502 0.811582 0.828145 
0.0111581 0.0142821 0.0151288 0.0154001 0.0154958 0.0155022 0.0155185 0.0155364 0.0155551 0.015561 0.0155693 0.0155652 0.0155648 0.0155736 0.0155679 0.0155546 0.0155686 0.0156066 0.0156114 0.0156036 0.0155848 0.0155865 0.015598 0.0156024 0.0155722 0.0155799 0.0155821 0.0155896 0.0155826 0.0155707 0.0155801 0.01559 0.0155939 0.0155827 0.0155819 0.0155923 0.0155816 0.0155758 0.0155799 0.0155807 0.0155821 0.0155835 0.0155937 0.01559 0.0155843 0.0155797 0.0155824 0.0155958 0.0156168 0.0155903 
0.0190575 0.0263379 0.0288329 0.0297801 0.0301359 0.0302546 0.0302953 0.0303149 0.0303971 0.0304384 0.0304487 0.0304239 0.0304338 0.030446 0.0304449 0.0304428 0.0304761 0.0305428 0.0305191 0.0305292 0.0305255 0.030457 0.030428 0.0304835 0.0305149 0.0305213 0.0304991 0.0304695 0.0304514 0.0304321 0.0304571 0.0304457 0.0304519 0.0304603 0.0304843 0.0304918 0.0305128 0.0305184 0.0305065 0.0304955 0.030469 0.0305003 0.0305366 0.0305568 0.0305598 0.0305203 0.0305015 0.030535 0.0305724 0.0305713 
0.0342854 0.0533271 0.0627344 0.0676161 0.0701014 0.0713098 0.0720327 0.0723351 0.0724832 0.072622 0.0728298 0.0728561 0.0728921 0.0727807 0.0728134 0.0728689 0.0729162 0.0729379 0.0729506 0.0730214 0.0731163 0.0730454 0.0729896 0.0729389 0.0729664 0.0729761 0.0729833 0.0729263 0.072933 0.0729498 0.0729582 0.0729483 0.0729275 0.0729124 0.0729848 0.0730161 0.0731177 0.0731596 0.0730681 0.0729576 0.0729604 0.073018 0.07312 0.0731423 0.0731376 0.0731365 0.07315 0.0731689 0.0731623 0.0730976 
0.0424681 0.0713662 0.0891281 0.100097 0.106832 0.110875 0.11359 0.1153 0.11641 0.117326 0.117904 0.118198 0.118334 0.118348 0.118429 0.118485 0.118498 0.118465 0.118594 0.118742 0.118948 0.118972 0.118901 0.118805 0.118848 0.118826 0.118719 0.118691 0.118716 0.118795 0.118689 0.118599 0.118412 0.118309 0.118242 0.118379 0.118458 0.118478 0.118402 0.118383 0.118435 0.118569 0.118694 0.118714 0.118728 0.118773 0.118881 0.118906 0.118916 0.118974 
0.0491699 0.08707 0.113643 0.132212 0.145343 0.154403 0.160962 0.165601 0.168744 0.171129 0.172813 0.173929 0.17472 0.175343 0.175861 0.17618 0.176286 0.176367 0.176615 0.176657 0.176701 0.176604 0.176571 0.176731 0.176936 0.176881 0.17679 0.176823 0.17683 0.176937 0.176907 0.176925 0.176844 0.176878 0.176908 0.176976 0.176969 0.17702 0.176954 0.176874 0.176897 0.177001 0.177055 0.176887 0.17676 0.176662 0.176733 0.176862 0.177022 0.17718 
0.0565043 0.103759 0.139682 0.166842 0.187663 0.203369 0.215368 0.22453 0.231461 0.236977 0.241301 0.244676 0.247182 0.249216 0.251038 0.252214 0.25313 0.253845 0.254637 0.254774 0.254915 0.255073 0.255185 0.255325 0.255546 0.25553 0.25551 0.255652 0.255846 0.25607 0.25621 0.256252 0.256238 0.256328 0.256357 0.256335 0.256238 0.256253 0.256295 0.256306 0.256373 0.256459 0.256438 0.256123 0.255824 0.255628 0.255656 0.255877 0.256108 0.256463 
0.0629535 0.118387 0.16316 0.198853 0.227742 0.250808 0.26946 0.284272 0.296519 0.306807 0.315173 0.321923 0.327236 0.331623 0.335405 0.338193 0.340638 0.342807 0.344752 0.345968 0.346904 0.347658 0.348424 0.349091 0.349733 0.350098 0.350249 0.350378 0.350602 0.350813 0.351018 0.351228 0.351452 0.351638 0.351705 0.351754 0.351835 0.352088 0.352175 0.352294 0.352343 0.352451 0.352405 0.352328 0.352418 0.352352 0.352336 0.352595 0.352915 0.353225 
0.0677494 0.129887 0.182245 0.225842 0.262591 0.293291 0.31904 0.340645 0.358999 0.374695 0.387857 0.398927 0.408295 0.416299 0.423196 0.42857 0.43349 0.437798 0.441637 0.444627 0.447075 0.448893 0.450714 0.452353 0.454002 0.455122 0.455788 0.456283 0.456803 0.457396 0.457904 0.458257 0.458659 0.459038 0.459299 0.459491 0.459617 0.460021 0.460144 0.460458 0.460611 0.460729 0.46072 0.460714 0.460792 0.460834 0.460912 0.46104 0.461273 0.46157 
0.0704276 0.137029 0.195084 0.244978 0.288017 0.325155 0.357243 0.385058 0.409199 0.430195 0.448346 0.464023 0.477791 0.489806 0.500207 0.508926 0.516878 0.523729 0.529931 0.535254 0.539585 0.543122 0.546457 0.549403 0.552219 0.554434 0.556097 0.557626 0.55898 0.560514 0.561795 0.5627 0.563491 0.564288 0.564974 0.565636 0.566264 0.567081 0.567818 0.568609 0.569046 0.569553 0.569979 0.570059 0.570097 0.570065 0.57021 0.570322 0.570529 0.570866 
0.0712041 0.140141 0.202053 0.256315 0.304007 0.345942 0.382948 0.415418 0.444082 0.469532 0.492146 0.51213 0.529858 0.545589 0.55944 0.571497 0.582415 0.591895 0.600554 0.608189 0.614806 0.620666 0.626412 0.6316 0.636378 0.64036 0.643808 0.647005 0.649757 0.652533 0.655002 0.656973 0.658637 0.660309 0.661577 0.662608 0.663589 0.664913 0.66648 0.667866 0.668813 0.669789 0.670479 0.6708 0.671069 0.670935 0.670882 0.670838 0.670936 0.671136 
0.070589 0.140221 0.203914 0.260795 0.311736 0.357323 0.398376 0.435064 0.468163 0.49781 0.524587 0.548677 0.570383 0.589734 0.607092 0.62264 0.636809 0.649567 0.660927 0.671005 0.680218 0.688462 0.696514 0.703996 0.710813 0.716827 0.722306 0.727255 0.731623 0.735723 0.739352 0.742431 0.745321 0.74778 0.749767 0.751315 0.752883 0.754756 0.75682 0.758875 0.760517 0.762282 0.763639 0.764736 0.765728 0.766381 0.766915 0.767176 0.767556 0.768035 
0.0685524 0.137501 0.20129 0.259057 0.311461 0.359028 0.402324 0.441543 0.477534 0.510324 0.540179 0.567405 0.592371 0.615151 0.636 0.655139 0.67269 0.688824 0.703189 0.716226 0.728413 0.739384 0.75004 0.760032 0.769079 0.77726 0.784652 0.791339 0.797456 0.803264 0.808347 0.81306 0.817455 0.821069 0.824201 0.826912 0.829682 0.832585 0.835644 0.838629 0.841114 0.843836 0.846261 0.848401 0.850331 0.851862 0.85318 0.854235 0.855369 0.856719 
=======
0.0166667 0.0333333 0.05 0.0666667 0.0833333 0.1 0.116667 0.133333 0.15 0.166667 0.183333 0.2 0.216667 0.233333 0.25 0.266667 0.283333 0.3 0.316667 0.333333 0.35 0.366667 0.383333 0.4 0.416667 0.433333 0.45 0.466667 0.483333 0.5 0.516667 0.533333 0.55 0.566667 0.583333 0.6 0.616667 0.633333 0.65 0.666667 0.683333 0.7 0.716667 0.733333 0.75 0.766667 0.783333 0.8 0.816667 0.833333 
0.000165107 0.000230763 0.000258625 0.000273509 0.000280674 0.000283072 0.000284408 0.000287364 0.000286277 0.00028442 0.000284263 0.000284877 0.000281701 0.000282274 0.000284679 0.000286291 0.000285805 0.000284903 0.000283521 0.000284748 0.000286396 0.000286969 0.000286881 0.000288283 0.000289058 0.000287755 0.000287994 0.000287883 0.000287953 0.000286681 0.000288478 0.000288274 0.000288445 0.000288614 0.000288835 0.000290419 0.000290531 0.000289686 0.000289093 0.000288877 0.000290311 0.000290577 0.000290955 0.000291247 0.000291204 0.000290191 0.000291169 0.000290235 0.000289171 0.000289282 
0.00028113 0.00042681 0.0005012 0.000547156 0.000573421 0.000583023 0.000591095 0.000597677 0.000596896 0.000594672 0.000596848 0.00060005 0.000593414 0.000593028 0.00059657 0.000603985 0.000603928 0.000601976 0.000599212 0.000603491 0.000606357 0.000608669 0.000608264 0.000608088 0.000609129 0.000608706 0.000608538 0.00061097 0.000610743 0.000608235 0.000611302 0.000612546 0.000613235 0.000613118 0.000613565 0.000613545 0.000614986 0.000615038 0.000613206 0.000613972 0.00061807 0.000620374 0.000619151 0.000619034 0.000619234 0.000618306 0.000619 0.000617787 0.0006124 0.00061085 
0.000410773 0.00068654 0.000863922 0.000989878 0.00107471 0.00111976 0.00115627 0.00117684 0.00119358 0.0012065 0.0012234 0.00123982 0.00124275 0.00124108 0.00123764 0.00124502 0.00125141 0.00125352 0.00125608 0.00126337 0.00126979 0.00127213 0.00127479 0.00126854 0.00126669 0.00127653 0.00128182 0.00128652 0.00128611 0.00128574 0.00128972 0.00129657 0.00130175 0.0013045 0.00130159 0.00129767 0.00129521 0.00129206 0.00128785 0.00129053 0.00129433 0.00129716 0.00129887 0.00129752 0.00129447 0.00129572 0.00129656 0.00129429 0.00128991 0.00128541 
0.000381448 0.000675898 0.000887961 0.00104715 0.00116642 0.00124285 0.00130367 0.00135185 0.00139744 0.0014299 0.00145883 0.00148121 0.00148947 0.00149074 0.00149319 0.00150338 0.0015132 0.00152244 0.00153306 0.00153964 0.00154841 0.00154676 0.00154479 0.00153957 0.00153576 0.00154217 0.00155034 0.00155418 0.00155543 0.00155587 0.00155877 0.00156216 0.00156598 0.00157162 0.00157388 0.0015801 0.0015868 0.00159227 0.00159573 0.0015992 0.00159835 0.00159345 0.00158939 0.00158656 0.00158239 0.00158017 0.00157882 0.0015731 0.00156417 0.00155717 
0.000379846 0.00070209 0.000954967 0.00115595 0.00131667 0.00143414 0.00153573 0.00162518 0.00170213 0.00175758 0.00180297 0.00183672 0.00185459 0.00186678 0.00188169 0.00190213 0.00191608 0.00192987 0.00194325 0.00195055 0.00195942 0.00196156 0.00196397 0.00196475 0.0019637 0.0019673 0.00197433 0.00198143 0.00198714 0.00199001 0.00199197 0.00199458 0.00199862 0.00200199 0.0020032 0.00200894 0.00201679 0.00202441 0.00203056 0.00203334 0.00203395 0.00203259 0.00203235 0.00203233 0.00203233 0.00203397 0.00203432 0.0020299 0.00202031 0.00201294 
0.000447798 0.000846836 0.00117286 0.00144257 0.00167041 0.0018577 0.0020259 0.00217428 0.00230169 0.00240037 0.00248647 0.00255604 0.0026045 0.00264417 0.0026841 0.00272315 0.00275753 0.00278533 0.00280664 0.0028266 0.00285059 0.00287169 0.00289025 0.00290882 0.00292038 0.00293507 0.00295068 0.00296458 0.00297442 0.00297633 0.00297994 0.00299094 0.00300349 0.00301384 0.0030195 0.0030267 0.00303775 0.0030495 0.00305472 0.00305926 0.00306458 0.00306768 0.00307223 0.00307604 0.003081 0.00308727 0.00309236 0.00309147 0.0030828 0.00307316 
0.000490262 0.000940121 0.00131863 0.00164533 0.00193332 0.00218744 0.00241665 0.00262278 0.00280224 0.00294887 0.00308183 0.00319769 0.00328813 0.00336506 0.00343786 0.00350317 0.00356338 0.00361402 0.00365593 0.00370151 0.00375236 0.0037986 0.00383499 0.00386967 0.00389576 0.00392633 0.00395976 0.00399035 0.00401509 0.00402889 0.0040423 0.00406686 0.00409313 0.00411778 0.00413445 0.00415047 0.00416971 0.00418983 0.00419619 0.00419771 0.00420663 0.00421456 0.00421876 0.00422273 0.00423117 0.00424184 0.00425137 0.00425843 0.00425387 0.0042446 
0.000522618 0.00101424 0.00144338 0.00182798 0.0021802 0.00250489 0.00280276 0.00307068 0.00331258 0.00351589 0.003702 0.00387536 0.00402293 0.00415235 0.00427022 0.00437395 0.00446912 0.00455236 0.00462457 0.00469902 0.0047749 0.00484473 0.00489957 0.00494849 0.00499106 0.00503894 0.00508817 0.00513478 0.00517688 0.00520919 0.00523715 0.00527724 0.00532214 0.00536623 0.00539879 0.00542765 0.00545854 0.00549259 0.00551057 0.00551443 0.00552627 0.00553839 0.00554112 0.00554228 0.00555268 0.005562 0.00557508 0.00558826 0.00559073 0.00559041 
0.000578084 0.00113654 0.00163392 0.00208858 0.00251688 0.00292096 0.00329822 0.00364083 0.00396148 0.00423948 0.0044918 0.0047334 0.00495156 0.00514605 0.00532165 0.00548055 0.00562746 0.00575552 0.00586652 0.0059777 0.00608652 0.0061879 0.00626823 0.00633908 0.00640321 0.00646854 0.00653285 0.00659273 0.00665306 0.00670504 0.00675101 0.00680846 0.00687047 0.0069304 0.00697662 0.0070163 0.00706091 0.00711364 0.00715395 0.00717272 0.00719729 0.00722815 0.00724448 0.00725587 0.00727768 0.00729347 0.00731485 0.00733627 0.00734749 0.00736068 
0.000662464 0.00131539 0.00190656 0.00245558 0.00298126 0.00348136 0.00395156 0.00438393 0.00479679 0.00516077 0.00548861 0.00580441 0.00609743 0.00636155 0.0066023 0.00682187 0.0070257 0.00720671 0.00736388 0.00751933 0.00766893 0.00780611 0.00792194 0.00802877 0.0081278 0.00822261 0.00831033 0.00839357 0.00848271 0.00856347 0.00863639 0.00871674 0.00879911 0.00888305 0.00895622 0.00902217 0.00909556 0.00917972 0.00925228 0.00930277 0.00935827 0.009426 0.00947407 0.00951353 0.0095618 0.00960169 0.00964369 0.00968539 0.00971551 0.0097498 
0.000788886 0.00157786 0.00230445 0.00298923 0.00365155 0.00428717 0.00488652 0.00544542 0.00598418 0.00646208 0.00689681 0.00731146 0.00770279 0.00806099 0.00838995 0.00869172 0.00897127 0.00922864 0.00946339 0.00968594 0.00989455 0.0100851 0.0102548 0.0104194 0.0105752 0.0107254 0.0108598 0.0109848 0.0111209 0.0112478 0.0113609 0.0114804 0.0115974 0.0117129 0.0118218 0.0119233 0.0120311 0.0121504 0.0122537 0.012336 0.0124198 0.0125181 0.0125915 0.0126529 0.0127209 0.0127807 0.0128451 0.012906 0.0129539 0.0130088 
0.00093129 0.00187082 0.00274734 0.00358387 0.00439516 0.00517608 0.00591575 0.0066145 0.00729408 0.00790446 0.00846829 0.00900248 0.00951032 0.00998121 0.0104182 0.0108215 0.0111977 0.0115524 0.0118888 0.0122015 0.0124975 0.0127715 0.0130201 0.0132653 0.0135026 0.0137299 0.0139359 0.0141255 0.0143323 0.014526 0.0146992 0.0148775 0.0150466 0.0152102 0.0153646 0.0155097 0.0156624 0.0158272 0.0159766 0.0161062 0.016236 0.0163795 0.0164843 0.0165717 0.0166653 0.0167534 0.0168446 0.0169326 0.0170074 0.0170912 
>>>>>>> 62e055e55f99d69d07f483402b951e7c543bbdbf
