7 8 10 12 14 16 18 20 22 24 26 28 
0.0165629 0.0331258 0.0496887 0.0662516 0.0828145 0.0993774 0.11594 0.132503 0.149066 0.165629 0.182192 0.198755 0.215318 0.231881 0.248444 0.265007 0.281569 0.298132 0.314695 0.331258 0.347821 0.364384 0.380947 0.39751 0.414073 0.430636 0.447198 0.463761 0.480324 0.496887 0.51345 0.530013 0.546576 0.563139 0.579702 0.596265 0.612828 0.62939 0.645953 0.662516 0.679079 0.695642 0.712205 0.728768 0.745331 0.761894 0.778457 0.79502 0.811582 0.828145 
0.0109217 0.0139397 0.0147038 0.0149338 0.0150204 0.0150308 0.0150572 0.0150723 0.015107 0.0150972 0.0151028 0.0151052 0.0151149 0.0151 0.0150956 0.0150967 0.0151118 0.0151302 0.0151338 0.0151147 0.015125 0.0151168 0.0151292 0.0151177 0.0150965 0.015109 0.0151105 0.015099 0.0151043 0.0151192 0.0151233 0.0151117 0.015114 0.0151069 0.0151016 0.0151054 0.0151225 0.0151248 0.0151227 0.0151197 0.0151095 0.0151087 0.0151165 0.0151356 0.0151419 0.0151215 0.0151094 0.0151085 0.0151313 0.015143 
0.0181705 0.0250121 0.0272556 0.0280918 0.0284695 0.0285469 0.0285764 0.0286445 0.0286849 0.0287064 0.0286871 0.0286988 0.0287014 0.0286867 0.0286836 0.0286783 0.028707 0.0287498 0.0287327 0.0286582 0.028671 0.028673 0.0286772 0.0286675 0.0286667 0.0287058 0.028713 0.0287068 0.0286999 0.0287235 0.0287315 0.0287415 0.0287306 0.028713 0.0286867 0.0286837 0.0286937 0.0286934 0.0287062 0.0286852 0.0286915 0.0287067 0.0287123 0.0287221 0.0287195 0.0286951 0.0286934 0.0286789 0.028712 0.0287169 
0.0329193 0.0510265 0.0598228 0.0640616 0.0662858 0.067374 0.0678876 0.0682384 0.0684621 0.0684703 0.0685343 0.0685291 0.0686049 0.0686258 0.0687032 0.0688125 0.0688662 0.0689069 0.0688357 0.0687099 0.0687764 0.0688386 0.0688552 0.0689158 0.0689472 0.0689233 0.0689033 0.0688769 0.0688777 0.068973 0.0690063 0.0690091 0.0690569 0.0690451 0.0690292 0.0690194 0.0690002 0.0690223 0.0690822 0.0690521 0.0690353 0.0689405 0.0689641 0.0690107 0.0690015 0.0690101 0.0689552 0.0689058 0.0689228 0.0689176 
0.0418131 0.0701389 0.0873778 0.0977584 0.104241 0.108311 0.110854 0.112488 0.113757 0.114448 0.114976 0.115226 0.115527 0.115632 0.115593 0.115591 0.115632 0.115743 0.115645 0.115458 0.115466 0.115491 0.115461 0.115473 0.115438 0.115343 0.115317 0.11542 0.115521 0.115705 0.115744 0.115741 0.115677 0.115692 0.115696 0.115681 0.115548 0.115427 0.115482 0.115531 0.115642 0.11571 0.115753 0.11578 0.115823 0.115741 0.115729 0.115778 0.115725 0.115728 
0.0490044 0.0869205 0.113407 0.1318 0.144672 0.153666 0.160099 0.16457 0.167842 0.170175 0.171856 0.173144 0.174132 0.174814 0.175143 0.175345 0.175521 0.175708 0.175712 0.175617 0.175448 0.175401 0.175356 0.175261 0.175149 0.175107 0.17511 0.175306 0.175444 0.175697 0.175753 0.175885 0.175792 0.175839 0.175723 0.175809 0.175857 0.175856 0.175895 0.175964 0.176123 0.176099 0.176099 0.17609 0.176049 0.175831 0.175739 0.175814 0.175831 0.175804 
0.0558717 0.102779 0.138467 0.16555 0.186118 0.201834 0.213788 0.222785 0.22977 0.235121 0.239271 0.242464 0.245037 0.247029 0.24853 0.24962 0.250459 0.250935 0.251219 0.251367 0.251484 0.251668 0.251777 0.252002 0.252215 0.252436 0.252479 0.252497 0.252515 0.252535 0.252501 0.252497 0.252437 0.252478 0.252348 0.252289 0.252374 0.252383 0.252372 0.252253 0.252204 0.25209 0.252033 0.252066 0.252007 0.251739 0.251839 0.251983 0.252177 0.252263 
0.0608252 0.114578 0.157876 0.192742 0.2207 0.243292 0.261322 0.275797 0.287829 0.297488 0.305221 0.311579 0.316885 0.321051 0.324309 0.326997 0.329077 0.330624 0.331946 0.33295 0.333991 0.334957 0.335574 0.336009 0.336483 0.336918 0.336999 0.336977 0.337034 0.337013 0.336936 0.336912 0.336882 0.337055 0.337092 0.337163 0.337463 0.337662 0.33756 0.337393 0.337318 0.337103 0.336888 0.336835 0.336837 0.336709 0.336658 0.336611 0.336584 0.3366 
0.0638892 0.122724 0.172179 0.213762 0.248571 0.277814 0.302019 0.322245 0.339584 0.354053 0.366176 0.376561 0.385352 0.392576 0.398588 0.403736 0.407938 0.41151 0.414484 0.417063 0.419182 0.421117 0.422445 0.42365 0.424809 0.425807 0.426408 0.426905 0.427224 0.427382 0.427503 0.427816 0.42788 0.428135 0.428234 0.428405 0.42881 0.429191 0.429383 0.429433 0.429635 0.429557 0.429402 0.429353 0.429159 0.42888 0.428743 0.428505 0.428296 0.428238 
0.0652175 0.127113 0.180895 0.227324 0.267365 0.301893 0.33148 0.356996 0.37938 0.398804 0.415536 0.430185 0.443031 0.453831 0.463021 0.470858 0.477343 0.483085 0.488065 0.492626 0.496685 0.500066 0.502746 0.505021 0.507073 0.508854 0.510256 0.511575 0.512797 0.513794 0.514594 0.515432 0.515858 0.516134 0.516389 0.516756 0.517201 0.517811 0.518538 0.51904 0.519748 0.520065 0.520455 0.520741 0.520775 0.520817 0.520873 0.520871 0.520968 0.520871 
0.0651377 0.128535 0.185065 0.234783 0.278604 0.317197 0.351179 0.381096 0.407619 0.431161 0.452272 0.471141 0.487742 0.502133 0.51464 0.525573 0.534799 0.543188 0.550795 0.55778 0.564181 0.569731 0.574309 0.578164 0.5817 0.584945 0.587639 0.590372 0.592953 0.595306 0.597417 0.599292 0.600667 0.601788 0.60284 0.603833 0.604712 0.605815 0.606966 0.607866 0.609195 0.610135 0.61108 0.611823 0.612297 0.612684 0.612847 0.61293 0.613289 0.61345 
0.0642386 0.128348 0.186445 0.238322 0.284977 0.326883 0.364365 0.398001 0.42831 0.45566 0.480457 0.502856 0.52278 0.540687 0.556713 0.571162 0.583797 0.595433 0.606102 0.616033 0.624858 0.632974 0.639778 0.645726 0.651028 0.655751 0.659823 0.663709 0.667519 0.670777 0.673943 0.676696 0.678826 0.680841 0.682665 0.684382 0.686103 0.687962 0.689682 0.691206 0.692909 0.694288 0.69572 0.696987 0.69785 0.698518 0.699068 0.699447 0.700032 0.700589 
0.0625285 0.126101 0.184341 0.236889 0.284634 0.328252 0.367765 0.403772 0.436623 0.466846 0.494499 0.519724 0.542623 0.563529 0.582673 0.600185 0.615862 0.63051 0.643939 0.656517 0.667882 0.67867 0.688102 0.696595 0.704298 0.711066 0.717192 0.72285 0.728569 0.733707 0.738576 0.743183 0.746908 0.750467 0.753657 0.756552 0.75944 0.762208 0.764546 0.766698 0.768879 0.770983 0.772945 0.774751 0.775914 0.777 0.777987 0.778688 0.779399 0.78017 
