7 8 10 12 14 16 18 20 22 24 26 28 
<<<<<<< HEAD
0.0165629 0.0331258 0.0496887 0.0662516 0.0828145 0.0993774 0.11594 0.132503 0.149066 0.165629 0.182192 0.198755 0.215318 0.231881 0.248444 0.265007 0.281569 0.298132 0.314695 0.331258 0.347821 0.364384 0.380947 0.39751 0.414073 0.430636 0.447198 0.463761 0.480324 0.496887 0.51345 0.530013 0.546576 0.563139 0.579702 0.596265 0.612828 0.62939 0.645953 0.662516 0.679079 0.695642 0.712205 0.728768 0.745331 0.761894 0.778457 0.79502 0.811582 0.828145 
0.0104623 0.0134116 0.0141855 0.0144103 0.0144433 0.0144845 0.0145009 0.0145284 0.0145275 0.0145448 0.014572 0.0145593 0.0145603 0.0145693 0.0145965 0.0145861 0.0145777 0.0145645 0.0145624 0.0145577 0.014575 0.014584 0.0145849 0.0146037 0.0145908 0.0145827 0.0145922 0.0145856 0.0145912 0.0145813 0.0145606 0.0145595 0.0145555 0.0145681 0.0145638 0.0145667 0.0145824 0.0145939 0.0145923 0.0145885 0.0145925 0.0145845 0.0145761 0.0145866 0.0145852 0.0145807 0.0145808 0.0145884 0.0145912 0.0145661 
0.0178248 0.0246334 0.0269965 0.0277949 0.0280212 0.0281269 0.0281802 0.0282543 0.0282368 0.028209 0.0282356 0.0282639 0.0282704 0.0283026 0.0283161 0.0283082 0.028326 0.028327 0.0282903 0.028274 0.0283222 0.0283209 0.0282968 0.0283218 0.0283292 0.0283319 0.0283599 0.0283538 0.0283192 0.0282855 0.0282613 0.0282553 0.0282577 0.0282801 0.0283042 0.0283231 0.028307 0.0283004 0.0282916 0.0282859 0.0282542 0.0282271 0.0282309 0.0282737 0.028284 0.0282999 0.0282818 0.0282798 0.0282888 0.0282413 
0.032836 0.0510068 0.0599736 0.06443 0.0664976 0.0674256 0.0679871 0.0683993 0.0685732 0.0685886 0.0686729 0.0686784 0.0686626 0.0686098 0.0685472 0.0686878 0.0688448 0.0688926 0.0688982 0.0689504 0.0689469 0.0689192 0.0688714 0.0687886 0.0687983 0.0687766 0.0688215 0.068936 0.0689407 0.0689304 0.0689219 0.0688901 0.0688879 0.0689594 0.068977 0.0690071 0.0690137 0.0690011 0.0689645 0.0690058 0.068986 0.0689503 0.0689069 0.0688631 0.0688847 0.0689088 0.0688863 0.068892 0.0688873 0.068868 
0.042591 0.0717107 0.0894985 0.100445 0.107026 0.111043 0.113472 0.115092 0.116052 0.116611 0.117086 0.11736 0.117541 0.117534 0.117501 0.117537 0.117712 0.117855 0.117949 0.118029 0.118021 0.118083 0.118157 0.118205 0.118131 0.118166 0.118263 0.118384 0.118398 0.118406 0.118422 0.118456 0.11847 0.118534 0.118449 0.11844 0.118468 0.118642 0.118704 0.118708 0.118689 0.118654 0.118687 0.118644 0.118692 0.118669 0.118517 0.118493 0.118453 0.118478 
0.0497652 0.0884538 0.115424 0.134268 0.147409 0.156624 0.163087 0.167633 0.170758 0.173031 0.174722 0.175943 0.176797 0.177208 0.177485 0.177815 0.178104 0.178193 0.178351 0.178401 0.178489 0.178657 0.178751 0.178753 0.178809 0.179085 0.179309 0.179432 0.179616 0.179685 0.179663 0.179658 0.179483 0.179393 0.179394 0.179481 0.179491 0.1797 0.179734 0.179677 0.179609 0.179474 0.17954 0.179571 0.179671 0.17983 0.179866 0.179971 0.179903 0.179732 
0.0559561 0.103304 0.139272 0.166339 0.18685 0.202446 0.214408 0.223549 0.230392 0.235735 0.239881 0.243192 0.245676 0.247489 0.24885 0.250093 0.250964 0.251572 0.25216 0.252405 0.252654 0.252821 0.252831 0.252806 0.252973 0.253372 0.253722 0.253986 0.254294 0.254631 0.254747 0.254767 0.254734 0.254743 0.254828 0.254887 0.254806 0.254834 0.254862 0.254993 0.255107 0.255105 0.255163 0.255099 0.254898 0.254983 0.255049 0.255272 0.255269 0.255066 
0.0605673 0.114694 0.158144 0.192649 0.22009 0.242068 0.25995 0.274574 0.286264 0.295883 0.303696 0.310183 0.315294 0.31948 0.322669 0.325462 0.327743 0.329576 0.331303 0.332479 0.333378 0.333949 0.334215 0.334428 0.334571 0.33476 0.334985 0.335159 0.335374 0.3356 0.33598 0.33626 0.336461 0.336657 0.336672 0.336588 0.336384 0.336292 0.336442 0.33654 0.336614 0.336602 0.336408 0.336183 0.335835 0.335845 0.335958 0.336155 0.336283 0.336301 
0.063606 0.123012 0.172681 0.213768 0.24777 0.27588 0.299783 0.320149 0.337015 0.351526 0.36378 0.374235 0.382821 0.390323 0.396447 0.401902 0.406575 0.410139 0.413272 0.415824 0.417822 0.419402 0.420691 0.421697 0.422485 0.423315 0.423985 0.424576 0.425106 0.425549 0.425983 0.426397 0.426816 0.42724 0.427334 0.427539 0.427442 0.427321 0.427316 0.42729 0.427275 0.427434 0.42743 0.427406 0.427239 0.427159 0.427152 0.427221 0.427231 0.427459 
0.0653541 0.128165 0.18228 0.228495 0.268 0.301697 0.331231 0.357126 0.37929 0.398795 0.415786 0.430552 0.443244 0.454623 0.464307 0.473068 0.480756 0.486852 0.49221 0.496833 0.500713 0.50424 0.507329 0.510059 0.512385 0.514608 0.516336 0.517803 0.518961 0.520001 0.5209 0.521819 0.522588 0.523281 0.523721 0.524083 0.524061 0.523999 0.523987 0.524144 0.524056 0.524049 0.523904 0.523592 0.523226 0.523003 0.52301 0.523133 0.523284 0.523547 
0.0655176 0.129985 0.186899 0.236752 0.280457 0.318906 0.353297 0.384006 0.410925 0.435042 0.45626 0.475189 0.491903 0.507116 0.52024 0.532419 0.543264 0.552498 0.560785 0.568096 0.574508 0.580408 0.585667 0.590185 0.594035 0.597801 0.600803 0.603523 0.605822 0.607597 0.609429 0.611064 0.612356 0.613519 0.614353 0.614871 0.615066 0.61519 0.615249 0.615549 0.615442 0.61533 0.615183 0.614941 0.614858 0.615049 0.615418 0.615884 0.616629 0.617386 
0.0645939 0.129236 0.18738 0.239063 0.285236 0.326746 0.364437 0.398521 0.429066 0.45668 0.48135 0.503938 0.524037 0.542361 0.558846 0.574363 0.588511 0.601153 0.612661 0.623057 0.632252 0.640491 0.647788 0.654052 0.659631 0.665089 0.669689 0.673958 0.677915 0.681162 0.684178 0.686979 0.689247 0.691193 0.692934 0.694203 0.695197 0.695886 0.696363 0.69708 0.697461 0.69788 0.698287 0.698967 0.699825 0.700757 0.701727 0.702699 0.703915 0.705085 
0.0629347 0.126769 0.185215 0.237723 0.285321 0.328777 0.368912 0.40562 0.439137 0.469935 0.497986 0.523862 0.547376 0.569065 0.588903 0.607571 0.624765 0.640571 0.65504 0.668041 0.679704 0.69027 0.699621 0.707931 0.715574 0.722855 0.729259 0.734995 0.740635 0.7455 0.749857 0.753934 0.757469 0.760542 0.763429 0.765884 0.767938 0.76965 0.771219 0.772826 0.773953 0.775033 0.776161 0.777533 0.778901 0.78019 0.781708 0.783368 0.784926 0.786417 
=======
0.0166667 0.0333333 0.05 0.0666667 0.0833333 0.1 0.116667 0.133333 0.15 0.166667 0.183333 0.2 0.216667 0.233333 0.25 0.266667 0.283333 0.3 0.316667 0.333333 0.35 0.366667 0.383333 0.4 0.416667 0.433333 0.45 0.466667 0.483333 0.5 0.516667 0.533333 0.55 0.566667 0.583333 0.6 0.616667 0.633333 0.65 0.666667 0.683333 0.7 0.716667 0.733333 0.75 0.766667 0.783333 0.8 0.816667 0.833333 
0.00018426 0.000264635 0.000298764 0.000313669 0.0003225 0.000326254 0.000328212 0.000328385 0.000329112 0.00032781 0.000328478 0.000327861 0.000327059 0.000327824 0.000330016 0.000330601 0.000328488 0.000328689 0.000329709 0.000330681 0.000329752 0.000330176 0.000329365 0.000327774 0.000326885 0.000327609 0.000328491 0.000329635 0.000331172 0.000328031 0.000327668 0.000329182 0.000330365 0.000330511 0.000331703 0.00033208 0.000331705 0.000330625 0.000329487 0.00033068 0.000330474 0.000330037 0.000330843 0.000330755 0.000330065 0.000330142 0.00033019 0.00032983 0.000328467 0.000328512 
0.000334748 0.000518269 0.000611797 0.00066235 0.000694009 0.000709259 0.000720105 0.000724637 0.000727767 0.000726481 0.000726359 0.000726052 0.000724349 0.000726978 0.000730927 0.000734653 0.000728768 0.000728619 0.000731927 0.000731729 0.000727564 0.000725779 0.000722811 0.000715722 0.000715376 0.00071487 0.000716909 0.000722935 0.000729335 0.000727279 0.000726775 0.000729067 0.000727889 0.000727454 0.000727733 0.000731111 0.000732096 0.000731154 0.000728608 0.000728986 0.000728115 0.000724689 0.000724473 0.000724053 0.000727741 0.000729932 0.000729082 0.000725026 0.000724341 0.000724216 
0.000472422 0.000791616 0.000992945 0.00113056 0.00123256 0.001291 0.00133399 0.00136512 0.0013849 0.00139617 0.00140903 0.00141726 0.0014243 0.00143235 0.00143351 0.0014417 0.00144112 0.00143623 0.00143738 0.00143166 0.00142116 0.00141314 0.00140882 0.00139742 0.0014032 0.00140502 0.00140879 0.00141263 0.00142142 0.00142924 0.00143576 0.00144035 0.00144093 0.00144306 0.00144184 0.00143653 0.00143434 0.00143504 0.00143162 0.00142802 0.00142218 0.00142032 0.00142317 0.00142843 0.00143685 0.0014396 0.00143687 0.00143131 0.00142603 0.0014233 
0.000433918 0.000763241 0.00100219 0.00117865 0.0013219 0.0014196 0.00149569 0.00155378 0.0015933 0.00162495 0.00165257 0.00167076 0.00168712 0.00170129 0.001711 0.00171597 0.00172018 0.00172267 0.0017233 0.00171972 0.00171016 0.00170484 0.00170208 0.00169748 0.00170121 0.00170564 0.00171153 0.00171653 0.00172076 0.00172718 0.00173229 0.00173805 0.00173902 0.00174595 0.00174792 0.00174615 0.00174589 0.00174666 0.00174246 0.00173835 0.00173416 0.00173108 0.00172912 0.00173101 0.00173194 0.00173114 0.00172839 0.00172135 0.00171404 0.00170758 
0.000415767 0.000759794 0.00103923 0.00125501 0.00143551 0.00157351 0.0016858 0.00177912 0.0018508 0.00190316 0.0019485 0.00198592 0.00201804 0.00204608 0.00206471 0.00207287 0.00207823 0.0020817 0.00208886 0.00209347 0.00209178 0.00209511 0.00210106 0.00209973 0.00209835 0.00210081 0.00210547 0.0021076 0.00211281 0.00212048 0.00212512 0.00213434 0.00213946 0.00214846 0.0021514 0.002153 0.00215343 0.0021534 0.0021496 0.00214468 0.00213783 0.0021364 0.00213635 0.00213725 0.0021376 0.00213407 0.00212778 0.00211664 0.00210686 0.0021009 
0.000482964 0.000910373 0.00126986 0.00156303 0.00181666 0.002025 0.002205 0.00236223 0.00249386 0.00259998 0.00269574 0.00278387 0.00285829 0.00292481 0.00297288 0.00300766 0.00303226 0.0030479 0.00306872 0.00308613 0.00309122 0.00309794 0.0031097 0.0031097 0.00311075 0.00311565 0.00312797 0.00313761 0.00314823 0.00316046 0.00317243 0.00318992 0.00321058 0.00322911 0.00324333 0.00325277 0.00325508 0.00325289 0.00324265 0.00323114 0.00321654 0.00320899 0.00320501 0.00320162 0.00320314 0.00320044 0.0031965 0.00319041 0.00318027 0.00317449 
0.000582861 0.00112298 0.00158331 0.00197958 0.00233192 0.00263465 0.00290924 0.00315128 0.00335987 0.00353813 0.00370623 0.00386283 0.00400011 0.00412251 0.00422002 0.0043001 0.00436091 0.00440744 0.00445167 0.00449009 0.00451173 0.00453164 0.00455867 0.00457542 0.00459561 0.00461682 0.00464554 0.00467367 0.00469695 0.00472021 0.00474394 0.00477268 0.004809 0.004841 0.00486655 0.00488454 0.00489443 0.00490381 0.00490364 0.00489995 0.00489114 0.00488515 0.00488235 0.00487615 0.00487629 0.004867 0.00485603 0.0048439 0.00482695 0.00481683 
0.000679117 0.00133 0.00189768 0.00240488 0.00286399 0.0032699 0.00365276 0.00399601 0.00429477 0.0045598 0.00481468 0.00505191 0.00526077 0.0054476 0.0056059 0.005745 0.00586083 0.00596033 0.0060519 0.0061311 0.00618989 0.00624249 0.00630484 0.00635411 0.00640267 0.00644611 0.00649939 0.00655718 0.00660712 0.00665438 0.0067012 0.00674809 0.00680458 0.00685707 0.00690304 0.00694229 0.00697354 0.00700681 0.00702538 0.00704316 0.00705341 0.00706217 0.00706857 0.00706577 0.00706601 0.00705304 0.00703901 0.00702836 0.00700526 0.00699242 
0.000761252 0.00150516 0.00216639 0.00276671 0.00332128 0.00382452 0.00430781 0.00474842 0.00513266 0.00548714 0.00582794 0.00615119 0.00644155 0.00670702 0.00694069 0.00715376 0.00734051 0.00750712 0.00766309 0.00780248 0.00792033 0.00802607 0.00813712 0.00823424 0.00832716 0.00840569 0.00850057 0.00860399 0.00869756 0.00878278 0.00886597 0.00894332 0.00903067 0.00911068 0.00918162 0.00924975 0.00930747 0.00936637 0.00940539 0.00944551 0.00948417 0.00951667 0.00954305 0.00955375 0.00956254 0.00955486 0.00954479 0.00953627 0.00950975 0.00948859 
0.000826823 0.0016443 0.00238604 0.0030706 0.00371349 0.00430487 0.00487599 0.00540167 0.00586444 0.00629318 0.00670683 0.00710988 0.00747989 0.00782105 0.00813119 0.00841746 0.00867251 0.00891009 0.00913837 0.00935032 0.00954639 0.00972759 0.00990413 0.0100647 0.0102146 0.0103437 0.0104895 0.0106434 0.0107857 0.0109179 0.0110454 0.0111651 0.0112894 0.0114035 0.0115114 0.0116225 0.011723 0.0118214 0.011896 0.0119762 0.0120575 0.0121293 0.0121888 0.0122259 0.0122601 0.012275 0.0122842 0.0122895 0.0122717 0.0122521 
0.000882145 0.00176016 0.00256575 0.00332077 0.00404101 0.00471168 0.00536403 0.00597364 0.00651925 0.007022 0.00750266 0.00797733 0.00841942 0.00882859 0.00920817 0.00956965 0.00989688 0.0102067 0.0105119 0.0108007 0.0110768 0.0113342 0.0115818 0.0118109 0.0120231 0.012205 0.0123992 0.0125953 0.0127818 0.0129602 0.0131331 0.0133003 0.013462 0.013611 0.0137557 0.0139054 0.0140467 0.0141841 0.0142961 0.0144189 0.014538 0.014644 0.0147354 0.0148012 0.0148606 0.0148979 0.0149253 0.0149487 0.0149453 0.0149406 
0.000918507 0.00184006 0.00268978 0.003494 0.00427406 0.00501082 0.00573097 0.00641016 0.0070257 0.00759372 0.00813516 0.00867075 0.00917606 0.00965274 0.010096 0.010528 0.0109228 0.0112984 0.0116706 0.0120254 0.0123611 0.0126796 0.0129891 0.0132805 0.0135513 0.0137906 0.0140318 0.0142756 0.0145156 0.0147454 0.0149684 0.0151858 0.0153921 0.0155825 0.0157649 0.0159521 0.0161308 0.0163009 0.016441 0.0165908 0.0167351 0.0168572 0.0169647 0.0170461 0.0171183 0.0171652 0.0171986 0.0172225 0.0172215 0.017227 
>>>>>>> 62e055e55f99d69d07f483402b951e7c543bbdbf
