7 8 10 12 14 16 18 20 22 24 26 28 
<<<<<<< HEAD
0.0165629 0.0331258 0.0496887 0.0662516 0.0828145 0.0993774 0.11594 0.132503 0.149066 0.165629 0.182192 0.198755 0.215318 0.231881 0.248444 0.265007 0.281569 0.298132 0.314695 0.331258 0.347821 0.364384 0.380947 0.39751 0.414073 0.430636 0.447198 0.463761 0.480324 0.496887 0.51345 0.530013 0.546576 0.563139 0.579702 0.596265 0.612828 0.62939 0.645953 0.662516 0.679079 0.695642 0.712205 0.728768 0.745331 0.761894 0.778457 0.79502 0.811582 0.828145 
0.00865546 0.0110989 0.0116986 0.0119033 0.0119507 0.0119797 0.0119943 0.012018 0.0120235 0.0120219 0.0120381 0.0120458 0.0120508 0.012052 0.0120773 0.0120777 0.0120642 0.0120472 0.0120371 0.0120463 0.0120518 0.0120772 0.0120702 0.0120681 0.0120506 0.0120364 0.0120612 0.0120639 0.0120647 0.0120498 0.0120598 0.0120593 0.0120547 0.0120624 0.0120556 0.0120672 0.0120636 0.0120786 0.0120744 0.0120689 0.0120808 0.0120844 0.012079 0.0120704 0.0120555 0.01207 0.0120643 0.0120605 0.0120743 0.0120714 
0.0147914 0.0204516 0.0222894 0.0229988 0.0232123 0.0233742 0.0234282 0.0234489 0.0234531 0.0234241 0.0234389 0.0234592 0.0234813 0.0234593 0.0234926 0.023526 0.0235483 0.0235186 0.0234894 0.0234702 0.0235037 0.0235288 0.0235182 0.0235115 0.0234889 0.0234723 0.0234997 0.0235151 0.023518 0.0235 0.0235119 0.0235112 0.0235173 0.0234956 0.0234607 0.0234943 0.0234912 0.0235073 0.0235248 0.0235132 0.0235234 0.0235276 0.0235201 0.0234896 0.02348 0.0234769 0.0234909 0.0235002 0.0235144 0.0235129 
0.0275736 0.0429902 0.0503167 0.0538411 0.0556936 0.056677 0.0571285 0.0574048 0.0575359 0.0576484 0.057635 0.0576422 0.0577118 0.0577294 0.0577734 0.0577436 0.0577475 0.0577424 0.0577888 0.057762 0.0577648 0.0577521 0.0577495 0.0577076 0.0576018 0.0576319 0.0577091 0.0577889 0.0577783 0.0577808 0.0577822 0.0577982 0.0578646 0.0578536 0.0578206 0.0578141 0.0578161 0.0577984 0.057769 0.057786 0.0578058 0.0578109 0.0577941 0.0577358 0.0577184 0.0577151 0.0577363 0.0577281 0.0577474 0.0578158 
0.0360657 0.0608451 0.0757058 0.0845508 0.0900461 0.0934556 0.0954779 0.0967949 0.097646 0.0983177 0.0987129 0.0989923 0.0992306 0.0995006 0.0995596 0.099478 0.0993808 0.0992626 0.0993094 0.0993911 0.0994483 0.0994494 0.0994062 0.0993123 0.0992922 0.0993904 0.0995149 0.099623 0.0995825 0.0997315 0.0997857 0.0997754 0.0997613 0.0996928 0.0997207 0.0996928 0.0995775 0.0994837 0.0994701 0.0995139 0.0996287 0.0996753 0.0996672 0.0997025 0.0996449 0.099549 0.0995097 0.0994852 0.099565 0.0996216 
0.042686 0.0759537 0.0990214 0.114723 0.125705 0.133449 0.138849 0.14284 0.145586 0.147723 0.149155 0.15022 0.151076 0.15174 0.15205 0.152158 0.152042 0.15196 0.152099 0.152203 0.152317 0.152311 0.152152 0.152125 0.152265 0.152494 0.15258 0.152663 0.152686 0.152813 0.152836 0.152864 0.152867 0.152729 0.152789 0.15277 0.152728 0.152689 0.152698 0.15262 0.152636 0.152634 0.152651 0.152692 0.152664 0.152769 0.152751 0.152812 0.152852 0.152865 
0.0482178 0.088997 0.11989 0.142916 0.160505 0.174029 0.184222 0.192136 0.198197 0.203068 0.206605 0.209504 0.211707 0.213251 0.214332 0.215164 0.215648 0.216011 0.216464 0.216793 0.216979 0.217133 0.217208 0.217462 0.217667 0.217947 0.21816 0.218436 0.218522 0.218602 0.218668 0.218728 0.218758 0.218663 0.21873 0.218602 0.218482 0.218328 0.218295 0.218265 0.218305 0.218447 0.21852 0.218579 0.218531 0.218658 0.218568 0.218508 0.218451 0.218455 
0.0518994 0.0982582 0.135328 0.164715 0.188394 0.207554 0.222795 0.235232 0.245259 0.253527 0.259923 0.265417 0.269984 0.27361 0.276503 0.278838 0.28061 0.281877 0.282941 0.283743 0.284368 0.284898 0.285504 0.286127 0.286556 0.286861 0.287127 0.287544 0.287886 0.288132 0.288533 0.288841 0.289243 0.28941 0.289639 0.289695 0.289628 0.289422 0.289322 0.289125 0.289054 0.289287 0.289402 0.289395 0.289441 0.289532 0.289454 0.289305 0.289249 0.289351 
0.0543821 0.104883 0.147148 0.182448 0.212013 0.236779 0.257242 0.274409 0.288635 0.300853 0.310842 0.319668 0.327082 0.333301 0.338541 0.343113 0.34695 0.350034 0.352629 0.354803 0.356756 0.358413 0.359946 0.361425 0.36271 0.363628 0.364446 0.365235 0.365852 0.366422 0.367006 0.367521 0.368185 0.36858 0.36886 0.368983 0.369126 0.369236 0.369483 0.369639 0.36972 0.36996 0.3701 0.370124 0.370051 0.370048 0.370074 0.370016 0.369882 0.369787 
0.0554703 0.108769 0.154865 0.194775 0.229146 0.25866 0.283764 0.305262 0.323572 0.339839 0.353805 0.366229 0.376941 0.386338 0.39442 0.40152 0.407762 0.413021 0.417529 0.421479 0.425091 0.428217 0.430942 0.433539 0.435941 0.437732 0.43933 0.440765 0.441979 0.443139 0.444064 0.444882 0.445787 0.446654 0.447228 0.447408 0.447518 0.447592 0.44783 0.448129 0.448362 0.448643 0.448744 0.448764 0.448487 0.448219 0.448024 0.447914 0.447738 0.447671 
0.0555466 0.110213 0.158525 0.201235 0.238794 0.271852 0.300599 0.325885 0.347988 0.36778 0.385199 0.40092 0.414952 0.427486 0.438594 0.448417 0.457247 0.465083 0.471857 0.478016 0.483374 0.488142 0.492278 0.496088 0.499889 0.503043 0.505908 0.508441 0.510643 0.512569 0.514156 0.515578 0.516913 0.518323 0.519248 0.519759 0.520073 0.520253 0.520563 0.520841 0.521197 0.521546 0.521784 0.521804 0.52149 0.521123 0.520822 0.520621 0.520477 0.520638 
0.0546727 0.109447 0.15875 0.203093 0.242746 0.27831 0.309861 0.338257 0.363671 0.386583 0.407111 0.425843 0.442852 0.458222 0.472157 0.484841 0.496329 0.506636 0.515704 0.524239 0.531774 0.538596 0.544704 0.550241 0.555682 0.560535 0.565058 0.569078 0.572608 0.575565 0.578065 0.580345 0.582418 0.584385 0.585993 0.587204 0.588128 0.588969 0.589784 0.590465 0.591283 0.592271 0.593185 0.593711 0.593922 0.593964 0.594076 0.594204 0.594496 0.594988 
0.0531098 0.107089 0.15645 0.201547 0.242595 0.279867 0.313576 0.344319 0.372163 0.39763 0.420842 0.442189 0.461871 0.479836 0.496314 0.511708 0.525845 0.538675 0.55031 0.561131 0.570856 0.579762 0.588003 0.59553 0.602829 0.609468 0.615596 0.621187 0.626269 0.630622 0.634432 0.638001 0.641313 0.644347 0.646944 0.649179 0.651102 0.652981 0.654679 0.656261 0.657701 0.659152 0.660556 0.661583 0.662417 0.663081 0.663891 0.664783 0.665807 0.66694 
=======
0.0166667 0.0333333 0.05 0.0666667 0.0833333 0.1 0.116667 0.133333 0.15 0.166667 0.183333 0.2 0.216667 0.233333 0.25 0.266667 0.283333 0.3 0.316667 0.333333 0.35 0.366667 0.383333 0.4 0.416667 0.433333 0.45 0.466667 0.483333 0.5 0.516667 0.533333 0.55 0.566667 0.583333 0.6 0.616667 0.633333 0.65 0.666667 0.683333 0.7 0.716667 0.733333 0.75 0.766667 0.783333 0.8 0.816667 0.833333 
0.000165797 0.000236049 0.000264398 0.000277801 0.000285699 0.000290216 0.000292022 0.000293517 0.000292028 0.000290762 0.000290676 0.000292954 0.000292093 0.000290718 0.000291716 0.000294098 0.000294398 0.000293033 0.000294724 0.000295202 0.000294179 0.000294346 0.000297225 0.000297499 0.000297628 0.000298417 0.000297661 0.000297431 0.00029654 0.00029612 0.000295343 0.000295875 0.000296284 0.000297849 0.000298184 0.000297815 0.000297575 0.000298776 0.00029943 0.000297886 0.000297738 0.000297808 0.000297506 0.000298949 0.000300193 0.000301635 0.00030176 0.000301663 0.000301573 0.000300928 
0.000295427 0.000460536 0.00054114 0.000583543 0.000610698 0.000626009 0.000634181 0.000639427 0.000635237 0.000634555 0.000635356 0.000641539 0.000643487 0.000640002 0.000642873 0.000647215 0.000645675 0.000642077 0.000644745 0.000645194 0.000646261 0.000646302 0.000653012 0.000653312 0.000652231 0.000652798 0.000653111 0.000653678 0.000654123 0.000651864 0.000650124 0.00064993 0.000650781 0.000652328 0.000653326 0.000653978 0.000651383 0.000651619 0.000655618 0.000656631 0.000656439 0.000654504 0.000654414 0.00065719 0.000659262 0.000661783 0.000661605 0.000662298 0.000663577 0.000662628 
0.000520196 0.000894547 0.0011301 0.00127624 0.0013705 0.00144278 0.00148717 0.00151426 0.00151927 0.00153239 0.00154226 0.00155088 0.00156425 0.00156931 0.00157791 0.00158826 0.0015857 0.0015868 0.00158837 0.00158989 0.00159978 0.0016007 0.00160483 0.00160053 0.00160003 0.0015987 0.00159629 0.00159262 0.00159352 0.0015901 0.00159148 0.00158869 0.00158992 0.00158814 0.0015866 0.00158758 0.00158162 0.00157275 0.00157287 0.00157616 0.00158264 0.0015817 0.00158737 0.00158549 0.00158866 0.00159217 0.00159717 0.0015964 0.00159466 0.00159832 
0.000561079 0.00101247 0.00133583 0.00156681 0.00173069 0.0018645 0.00196197 0.00203315 0.00207817 0.00212753 0.00215688 0.00217614 0.00219474 0.00221311 0.00222326 0.00223826 0.00224486 0.00225788 0.0022693 0.00227628 0.00228531 0.00229216 0.00229418 0.00228881 0.00228683 0.00227671 0.00226669 0.00226099 0.00225679 0.00225588 0.00226017 0.00225905 0.00226049 0.00225619 0.00225417 0.00225678 0.00225352 0.00224881 0.00224779 0.00224587 0.00224326 0.00224462 0.00225273 0.00225524 0.00225875 0.00226179 0.00226662 0.00226876 0.00227242 0.00227028 
0.000564038 0.00104571 0.00141987 0.00172063 0.00195934 0.00215392 0.00231082 0.00243511 0.00253227 0.00262297 0.00269139 0.00274702 0.00279449 0.00283791 0.00287346 0.00290462 0.00292683 0.00295015 0.00296828 0.00297609 0.00298031 0.00298609 0.00299094 0.00298776 0.00298113 0.00296812 0.00295285 0.00294374 0.0029342 0.00292971 0.00292975 0.00292777 0.00292813 0.002926 0.00292768 0.00293201 0.00293006 0.00293059 0.00293423 0.00293386 0.002928 0.00293166 0.00293464 0.00293814 0.00293878 0.00293709 0.0029384 0.0029411 0.00295061 0.00295383 
0.00055461 0.00105576 0.00146769 0.00182144 0.00212285 0.00237518 0.00258841 0.00276248 0.00290876 0.00303759 0.00314565 0.00323783 0.00331582 0.00338398 0.00345324 0.00350845 0.00355136 0.00359253 0.00362713 0.00365191 0.00366369 0.00367488 0.00368479 0.00369308 0.00369688 0.00369428 0.003688 0.00368396 0.00368015 0.00367621 0.00367563 0.00367333 0.00367312 0.00366976 0.00367034 0.0036683 0.00366371 0.00366506 0.00366565 0.00366676 0.00366377 0.00366665 0.00366657 0.00367076 0.00367269 0.00367001 0.00367152 0.00367371 0.00368074 0.00368648 
0.00053508 0.00104364 0.00147877 0.0018635 0.00220115 0.00249273 0.00274864 0.00296341 0.00315233 0.00332156 0.00346445 0.00358359 0.00368373 0.00377249 0.00386568 0.003944 0.00400905 0.00406784 0.00411861 0.00415949 0.00418481 0.00421034 0.00423044 0.00425406 0.00427517 0.00428567 0.00429315 0.00430166 0.00430862 0.00431471 0.00432424 0.00433036 0.00433449 0.00433524 0.00433948 0.00434324 0.00434902 0.0043557 0.00435668 0.00436058 0.00436455 0.00437097 0.00437631 0.00438417 0.00439356 0.00440409 0.00441148 0.00441597 0.00442361 0.00442742 
0.000576591 0.00114393 0.0016417 0.00209302 0.00249527 0.00285591 0.00318032 0.00346602 0.00372246 0.00395802 0.00416327 0.00434136 0.0044947 0.00463354 0.00477248 0.00489188 0.00499581 0.00508681 0.00516215 0.00522803 0.00527998 0.00533455 0.00538034 0.0054281 0.0054793 0.00551843 0.00554502 0.00556858 0.00559048 0.00561139 0.00563791 0.00566196 0.00567887 0.00569391 0.00571184 0.00573093 0.00575113 0.0057634 0.00576812 0.00577414 0.00578547 0.00579723 0.00581519 0.0058346 0.00585221 0.00587586 0.00588786 0.00589837 0.00591336 0.00592243 
0.000673861 0.00134753 0.00194959 0.0025139 0.00302471 0.00349515 0.00392393 0.00431684 0.00467611 0.00500893 0.00530558 0.00557612 0.00581642 0.00604136 0.00625827 0.00644374 0.00660821 0.00675379 0.00687267 0.00698045 0.00707885 0.00717447 0.00726166 0.0073451 0.00743353 0.00750959 0.00756537 0.00761354 0.00766172 0.00771096 0.00775775 0.00780552 0.00784024 0.00787608 0.00791431 0.00795372 0.0079889 0.00801296 0.00803015 0.00804386 0.00806581 0.00808516 0.00811923 0.008154 0.00818536 0.00822548 0.00824584 0.00826924 0.00829369 0.00831398 
0.000803731 0.00160855 0.00234294 0.00304299 0.00367856 0.00427324 0.00482416 0.00534377 0.00582464 0.00627327 0.00668046 0.0070629 0.00740729 0.00773524 0.00804604 0.00831476 0.00855982 0.00877652 0.00895704 0.0091289 0.00929521 0.00944956 0.00960066 0.00974972 0.00989683 0.0100267 0.0101319 0.0102216 0.0103085 0.0103992 0.0104782 0.0105609 0.0106257 0.0106894 0.0107546 0.0108206 0.0108799 0.0109286 0.0109674 0.0109953 0.0110312 0.0110643 0.01112 0.0111763 0.0112291 0.0112867 0.0113189 0.0113585 0.0113955 0.0114302 
0.000951288 0.00190642 0.00279343 0.00364127 0.00441352 0.00514307 0.00583113 0.00649235 0.00710966 0.00769135 0.0082298 0.00873818 0.00920401 0.00965898 0.010093 0.0104749 0.0108337 0.0111568 0.0114359 0.011706 0.0119747 0.0122257 0.0124734 0.0127227 0.0129589 0.0131734 0.0133613 0.0135259 0.0136838 0.0138479 0.01399 0.0141359 0.0142557 0.0143712 0.0144917 0.0146098 0.0147233 0.0148279 0.0149197 0.0149861 0.0150597 0.0151298 0.0152164 0.0152989 0.0153742 0.0154541 0.0155094 0.0155771 0.0156408 0.0157046 
0.00108605 0.00218555 0.00321376 0.00420323 0.00511142 0.00597231 0.00678972 0.00758493 0.00833368 0.00904176 0.00970152 0.0103287 0.010908 0.0114724 0.0120174 0.0125101 0.0129834 0.0134166 0.0138041 0.0141862 0.0145716 0.0149333 0.0152853 0.015632 0.015956 0.0162591 0.0165388 0.0167885 0.0170248 0.0172657 0.01748 0.0176992 0.0178863 0.0180727 0.0182628 0.0184397 0.0186133 0.0187803 0.0189342 0.0190572 0.0191834 0.0193017 0.0194258 0.0195395 0.0196385 0.0197399 0.0198152 0.0198974 0.019975 0.0200543 
>>>>>>> 62e055e55f99d69d07f483402b951e7c543bbdbf
